$MeshFormat
2.2 0 8
$EndMeshFormat
$PhysicalNames
4
1 8 "adb"
1 9 "cold"
1 10 "hot"
2 11 "area"
$EndPhysicalNames
$Nodes
861
1 0 0 0
2 2 0 0
3 2 1 0
4 5 1 0
5 5 3 0
6 0 3 0
7 0.1 0 0
8 0.2 0 0
9 0.3 0 0
10 0.4 0 0
11 0.5 0 0
12 0.6000000000000001 0 0
13 0.7000000000000001 0 0
14 0.8 0 0
15 0.9 0 0
16 1 0 0
17 1.1 0 0
18 1.2 0 0
19 1.3 0 0
20 1.4 0 0
21 1.5 0 0
22 1.6 0 0
23 1.7 0 0
24 1.8 0 0
25 1.9 0 0
26 2 0.05 0
27 2 0.1 0
28 2 0.15 0
29 2 0.2 0
30 2 0.25 0
31 2 0.3 0
32 2 0.35 0
33 2 0.4 0
34 2 0.45 0
35 2 0.5 0
36 2 0.55 0
37 2 0.6000000000000001 0
38 2 0.65 0
39 2 0.7000000000000001 0
40 2 0.75 0
41 2 0.8 0
42 2 0.8500000000000001 0
43 2 0.9 0
44 2 0.9500000000000001 0
45 2.15 1 0
46 2.3 1 0
47 2.45 1 0
48 2.6 1 0
49 2.75 1 0
50 2.9 1 0
51 3.05 1 0
52 3.2 1 0
53 3.35 1 0
54 3.5 1 0
55 3.65 1 0
56 3.8 1 0
57 3.95 1 0
58 4.1 1 0
59 4.25 1 0
60 4.4 1 0
61 4.550000000000001 1 0
62 4.7 1 0
63 4.85 1 0
64 5 1.1 0
65 5 1.2 0
66 5 1.3 0
67 5 1.4 0
68 5 1.5 0
69 5 1.6 0
70 5 1.7 0
71 5 1.8 0
72 5 1.9 0
73 5 2 0
74 5 2.1 0
75 5 2.2 0
76 5 2.3 0
77 5 2.4 0
78 5 2.5 0
79 5 2.6 0
80 5 2.7 0
81 5 2.8 0
82 5 2.9 0
83 4.75 3 0
84 4.5 3 0
85 4.25 3 0
86 4 3 0
87 3.75 3 0
88 3.5 3 0
89 3.25 3 0
90 3 3 0
91 2.75 3 0
92 2.5 3 0
93 2.25 3 0
94 2 3 0
95 1.75 3 0
96 1.5 3 0
97 1.25 3 0
98 1 3 0
99 0.75 3 0
100 0.5 3 0
101 0.25 3 0
102 0 2.85 0
103 0 2.7 0
104 0 2.55 0
105 0 2.4 0
106 0 2.25 0
107 0 2.1 0
108 0 1.95 0
109 0 1.8 0
110 0 1.65 0
111 0 1.5 0
112 0 1.35 0
113 0 1.2 0
114 0 1.05 0
115 0 0.8999999999999999 0
116 0 0.75 0
117 0 0.5999999999999996 0
118 0 0.4499999999999997 0
119 0 0.2999999999999998 0
120 0 0.1499999999999999 0
121 1.9 1.1 0
122 1.8 1.2 0
123 1.7 1.3 0
124 1.599999999999999 1.400000000000001 0
125 1.499999999999999 1.500000000000001 0
126 1.399999999999999 1.600000000000001 0
127 1.299999999999999 1.700000000000001 0
128 1.199999999999998 1.800000000000002 0
129 1.099999999999999 1.900000000000001 0
130 0.9999999999999984 2.000000000000002 0
131 0.8999999999999986 2.100000000000001 0
132 0.7999999999999985 2.200000000000002 0
133 0.6999999999999988 2.300000000000001 0
134 0.5999999999999992 2.400000000000001 0
135 0.4999999999999991 2.500000000000001 0
136 0.3999999999999992 2.600000000000001 0
137 0.2999999999999998 2.7 0
138 0.1999999999999993 2.800000000000001 0
139 0.09999999999999942 2.9 0
140 0.1000000000000002 0.145 0
141 0.1000000000000002 0.2900000000000001 0
142 0.1000000000000002 0.4349999999999999 0
143 0.1000000000000002 0.5800000000000001 0
144 0.1000000000000001 0.7250000000000001 0
145 0.1000000000000001 0.87 0
146 0.1000000000000001 1.015 0
147 0.1000000000000001 1.16 0
148 0.09999999999999987 1.305 0
149 0.09999999999999964 1.45 0
150 0.09999999999999964 1.595 0
151 0.09999999999999964 1.74 0
152 0.09999999999999964 1.885 0
153 0.09999999999999964 2.03 0
154 0.09999999999999964 2.175 0
155 0.09999999999999964 2.32 0
156 0.09999999999999964 2.465 0
157 0.09999999999999942 2.61 0
158 0.09999999999999931 2.755000000000001 0
159 0.2000000000000001 0.1399999999999999 0
160 0.2000000000000001 0.2800000000000001 0
161 0.2000000000000001 0.42 0
162 0.2000000000000001 0.5600000000000003 0
163 0.2 0.7000000000000002 0
164 0.2 0.8400000000000001 0
165 0.2 0.98 0
166 0.2 1.12 0
167 0.1999999999999998 1.26 0
168 0.1999999999999998 1.4 0
169 0.1999999999999998 1.54 0
170 0.1999999999999998 1.68 0
171 0.1999999999999997 1.82 0
172 0.1999999999999997 1.96 0
173 0.1999999999999997 2.1 0
174 0.1999999999999997 2.24 0
175 0.1999999999999995 2.38 0
176 0.1999999999999995 2.52 0
177 0.1999999999999993 2.660000000000001 0
178 0.3 0.135 0
179 0.3 0.27 0
180 0.2999999999999999 0.4050000000000002 0
181 0.2999999999999998 0.5400000000000001 0
182 0.2999999999999998 0.6750000000000002 0
183 0.2999999999999998 0.8100000000000001 0
184 0.2999999999999998 0.9450000000000001 0
185 0.2999999999999998 1.08 0
186 0.2999999999999997 1.215 0
187 0.2999999999999997 1.35 0
188 0.2999999999999997 1.485 0
189 0.2999999999999997 1.620000000000001 0
190 0.2999999999999997 1.755 0
191 0.2999999999999997 1.89 0
192 0.2999999999999997 2.025 0
193 0.2999999999999997 2.16 0
194 0.2999999999999995 2.295 0
195 0.2999999999999995 2.430000000000001 0
196 0.2999999999999995 2.565 0
197 0.4 0.1299999999999999 0
198 0.4 0.2599999999999999 0
199 0.3999999999999999 0.3899999999999999 0
200 0.3999999999999999 0.52 0
201 0.3999999999999997 0.6500000000000001 0
202 0.3999999999999996 0.7800000000000001 0
203 0.3999999999999995 0.9100000000000003 0
204 0.3999999999999995 1.04 0
205 0.3999999999999995 1.17 0
206 0.3999999999999995 1.3 0
207 0.3999999999999995 1.43 0
208 0.3999999999999995 1.56 0
209 0.3999999999999995 1.690000000000001 0
210 0.3999999999999995 1.820000000000001 0
211 0.3999999999999995 1.950000000000001 0
212 0.3999999999999994 2.080000000000001 0
213 0.3999999999999994 2.210000000000001 0
214 0.3999999999999994 2.340000000000001 0
215 0.3999999999999992 2.470000000000001 0
216 0.5 0.1250000000000002 0
217 0.5 0.2499999999999999 0
218 0.5 0.375 0
219 0.4999999999999999 0.5000000000000001 0
220 0.4999999999999997 0.6250000000000001 0
221 0.4999999999999996 0.7500000000000002 0
222 0.4999999999999995 0.8750000000000002 0
223 0.4999999999999995 1 0
224 0.4999999999999995 1.125 0
225 0.4999999999999995 1.25 0
226 0.4999999999999994 1.375 0
227 0.4999999999999993 1.5 0
228 0.4999999999999993 1.625000000000001 0
229 0.4999999999999992 1.750000000000001 0
230 0.4999999999999992 1.875000000000001 0
231 0.4999999999999992 2.000000000000001 0
232 0.4999999999999992 2.125000000000001 0
233 0.4999999999999992 2.250000000000001 0
234 0.499999999999999 2.375000000000001 0
235 0.6000000000000001 0.1199999999999999 0
236 0.6 0.24 0
237 0.5999999999999999 0.3600000000000001 0
238 0.5999999999999998 0.4800000000000002 0
239 0.5999999999999998 0.6000000000000002 0
240 0.5999999999999996 0.7200000000000003 0
241 0.5999999999999996 0.8400000000000003 0
242 0.5999999999999995 0.9600000000000004 0
243 0.5999999999999994 1.080000000000001 0
244 0.5999999999999994 1.200000000000001 0
245 0.5999999999999993 1.320000000000001 0
246 0.5999999999999993 1.440000000000001 0
247 0.5999999999999992 1.560000000000001 0
248 0.5999999999999992 1.680000000000001 0
249 0.5999999999999991 1.800000000000001 0
250 0.5999999999999991 1.920000000000001 0
251 0.599999999999999 2.040000000000001 0
252 0.599999999999999 2.160000000000001 0
253 0.5999999999999989 2.280000000000001 0
254 0.7 0.1149999999999995 0
255 0.7 0.2299999999999999 0
256 0.6999999999999998 0.3450000000000001 0
257 0.6999999999999997 0.4600000000000003 0
258 0.6999999999999996 0.5750000000000002 0
259 0.6999999999999996 0.6900000000000004 0
260 0.6999999999999995 0.8050000000000004 0
261 0.6999999999999995 0.9200000000000004 0
262 0.6999999999999994 1.035000000000001 0
263 0.6999999999999993 1.150000000000001 0
264 0.6999999999999993 1.265000000000001 0
265 0.6999999999999992 1.380000000000001 0
266 0.6999999999999991 1.495000000000001 0
267 0.6999999999999991 1.610000000000001 0
268 0.699999999999999 1.725000000000001 0
269 0.6999999999999988 1.840000000000001 0
270 0.6999999999999988 1.955000000000001 0
271 0.6999999999999988 2.070000000000002 0
272 0.6999999999999987 2.185000000000001 0
273 0.7999999999999999 0.1099999999999997 0
274 0.7999999999999999 0.22 0
275 0.7999999999999998 0.3300000000000001 0
276 0.7999999999999997 0.4400000000000002 0
277 0.7999999999999996 0.5500000000000002 0
278 0.7999999999999996 0.6600000000000005 0
279 0.7999999999999995 0.7700000000000005 0
280 0.7999999999999994 0.8800000000000004 0
281 0.7999999999999994 0.9900000000000007 0
282 0.7999999999999993 1.100000000000001 0
283 0.7999999999999992 1.210000000000001 0
284 0.7999999999999992 1.320000000000001 0
285 0.799999999999999 1.430000000000001 0
286 0.7999999999999989 1.540000000000001 0
287 0.7999999999999989 1.650000000000001 0
288 0.7999999999999988 1.760000000000001 0
289 0.7999999999999987 1.870000000000001 0
290 0.7999999999999987 1.980000000000002 0
291 0.7999999999999986 2.090000000000002 0
292 0.8999999999999999 0.1049999999999998 0
293 0.8999999999999999 0.2100000000000002 0
294 0.8999999999999997 0.3150000000000002 0
295 0.8999999999999997 0.4199999999999999 0
296 0.8999999999999997 0.5250000000000002 0
297 0.8999999999999996 0.6300000000000004 0
298 0.8999999999999995 0.7350000000000005 0
299 0.8999999999999995 0.8400000000000005 0
300 0.8999999999999992 0.9450000000000007 0
301 0.8999999999999992 1.050000000000001 0
302 0.8999999999999992 1.155000000000001 0
303 0.899999999999999 1.260000000000001 0
304 0.899999999999999 1.365000000000001 0
305 0.8999999999999989 1.470000000000001 0
306 0.8999999999999988 1.575000000000001 0
307 0.8999999999999988 1.680000000000001 0
308 0.8999999999999987 1.785000000000001 0
309 0.8999999999999986 1.890000000000002 0
310 0.8999999999999985 1.995000000000002 0
311 1 0.09999999999999987 0
312 0.9999999999999999 0.2000000000000002 0
313 0.9999999999999998 0.3000000000000002 0
314 0.9999999999999997 0.4000000000000001 0
315 0.9999999999999996 0.5000000000000003 0
316 0.9999999999999996 0.6000000000000004 0
317 0.9999999999999996 0.7000000000000005 0
318 0.9999999999999994 0.8000000000000005 0
319 0.9999999999999993 0.9000000000000007 0
320 0.9999999999999992 1.000000000000001 0
321 0.9999999999999991 1.100000000000001 0
322 0.9999999999999991 1.200000000000001 0
323 0.999999999999999 1.300000000000001 0
324 0.9999999999999989 1.400000000000001 0
325 0.9999999999999988 1.500000000000001 0
326 0.9999999999999987 1.600000000000001 0
327 0.9999999999999987 1.700000000000002 0
328 0.9999999999999984 1.800000000000002 0
329 0.9999999999999984 1.900000000000002 0
330 1.1 0.09499999999999997 0
331 1.1 0.1900000000000002 0
332 1.1 0.2850000000000003 0
333 1.1 0.3800000000000004 0
334 1.1 0.4750000000000004 0
335 1.1 0.5700000000000005 0
336 1.1 0.6650000000000006 0
337 1.099999999999999 0.7600000000000006 0
338 1.099999999999999 0.8550000000000006 0
339 1.099999999999999 0.9500000000000008 0
340 1.099999999999999 1.045000000000001 0
341 1.099999999999999 1.140000000000001 0
342 1.099999999999999 1.235000000000001 0
343 1.099999999999999 1.330000000000001 0
344 1.099999999999999 1.425000000000001 0
345 1.099999999999999 1.520000000000001 0
346 1.099999999999999 1.615000000000002 0
347 1.099999999999999 1.710000000000001 0
348 1.099999999999999 1.805000000000001 0
349 1.2 0.09000000000000008 0
350 1.2 0.1799999999999999 0
351 1.2 0.2700000000000001 0
352 1.2 0.3600000000000002 0
353 1.2 0.4500000000000004 0
354 1.2 0.5400000000000005 0
355 1.2 0.6300000000000004 0
356 1.2 0.7200000000000004 0
357 1.199999999999999 0.8100000000000006 0
358 1.199999999999999 0.9000000000000008 0
359 1.199999999999999 0.9900000000000009 0
360 1.199999999999999 1.080000000000001 0
361 1.199999999999999 1.170000000000001 0
362 1.199999999999999 1.260000000000001 0
363 1.199999999999999 1.350000000000001 0
364 1.199999999999999 1.440000000000001 0
365 1.199999999999999 1.530000000000001 0
366 1.199999999999999 1.620000000000001 0
367 1.199999999999999 1.710000000000002 0
368 1.3 0.08499999999999996 0
369 1.3 0.1699999999999999 0
370 1.3 0.255 0
371 1.3 0.3400000000000001 0
372 1.3 0.4250000000000003 0
373 1.3 0.5100000000000003 0
374 1.299999999999999 0.5950000000000003 0
375 1.299999999999999 0.6800000000000004 0
376 1.299999999999999 0.7650000000000003 0
377 1.299999999999999 0.8500000000000006 0
378 1.299999999999999 0.9350000000000007 0
379 1.299999999999999 1.020000000000001 0
380 1.299999999999999 1.105000000000001 0
381 1.299999999999999 1.190000000000001 0
382 1.299999999999999 1.275000000000001 0
383 1.299999999999999 1.360000000000001 0
384 1.299999999999999 1.445000000000001 0
385 1.299999999999999 1.530000000000001 0
386 1.299999999999998 1.615000000000001 0
387 1.4 0.08000000000000007 0
388 1.4 0.1599999999999999 0
389 1.4 0.24 0
390 1.399999999999999 0.32 0
391 1.399999999999999 0.4 0
392 1.399999999999999 0.4800000000000001 0
393 1.399999999999999 0.5600000000000002 0
394 1.399999999999999 0.6400000000000002 0
395 1.399999999999999 0.7200000000000004 0
396 1.399999999999999 0.8000000000000005 0
397 1.399999999999999 0.8800000000000007 0
398 1.399999999999999 0.9600000000000009 0
399 1.399999999999999 1.040000000000001 0
400 1.399999999999999 1.120000000000001 0
401 1.399999999999999 1.200000000000001 0
402 1.399999999999999 1.280000000000001 0
403 1.399999999999999 1.360000000000001 0
404 1.399999999999999 1.440000000000001 0
405 1.399999999999999 1.520000000000001 0
406 1.5 0.07499999999999996 0
407 1.5 0.1500000000000001 0
408 1.5 0.2250000000000002 0
409 1.5 0.3000000000000003 0
410 1.5 0.3750000000000001 0
411 1.5 0.4500000000000001 0
412 1.5 0.5250000000000001 0
413 1.5 0.6000000000000002 0
414 1.5 0.6750000000000003 0
415 1.5 0.7500000000000004 0
416 1.5 0.8250000000000006 0
417 1.5 0.9000000000000007 0
418 1.499999999999999 0.9750000000000008 0
419 1.499999999999999 1.050000000000001 0
420 1.499999999999999 1.125000000000001 0
421 1.499999999999999 1.200000000000001 0
422 1.499999999999999 1.275000000000001 0
423 1.499999999999999 1.350000000000001 0
424 1.499999999999999 1.425000000000001 0
425 1.6 0.06999999999999962 0
426 1.6 0.1399999999999999 0
427 1.6 0.2100000000000002 0
428 1.6 0.2800000000000002 0
429 1.6 0.3500000000000002 0
430 1.6 0.42 0
431 1.6 0.49 0
432 1.6 0.5600000000000002 0
433 1.6 0.6300000000000002 0
434 1.6 0.7000000000000004 0
435 1.6 0.7700000000000005 0
436 1.6 0.8400000000000005 0
437 1.599999999999999 0.9100000000000006 0
438 1.599999999999999 0.9800000000000006 0
439 1.599999999999999 1.050000000000001 0
440 1.599999999999999 1.120000000000001 0
441 1.599999999999999 1.190000000000001 0
442 1.599999999999999 1.260000000000001 0
443 1.599999999999999 1.330000000000001 0
444 1.7 0.06499999999999972 0
445 1.7 0.1300000000000001 0
446 1.7 0.1950000000000001 0
447 1.7 0.2600000000000001 0
448 1.7 0.3250000000000003 0
449 1.7 0.3900000000000001 0
450 1.7 0.4549999999999998 0
451 1.7 0.52 0
452 1.7 0.5850000000000003 0
453 1.7 0.6500000000000004 0
454 1.7 0.7150000000000003 0
455 1.7 0.7800000000000005 0
456 1.7 0.8450000000000004 0
457 1.7 0.9100000000000004 0
458 1.7 0.9750000000000005 0
459 1.7 1.04 0
460 1.7 1.105000000000001 0
461 1.7 1.170000000000001 0
462 1.7 1.235000000000001 0
463 1.8 0.05999999999999983 0
464 1.8 0.1200000000000003 0
465 1.8 0.1800000000000002 0
466 1.8 0.2400000000000001 0
467 1.8 0.3000000000000002 0
468 1.8 0.3599999999999999 0
469 1.8 0.4199999999999998 0
470 1.8 0.4800000000000002 0
471 1.8 0.5400000000000003 0
472 1.8 0.6000000000000002 0
473 1.8 0.6600000000000003 0
474 1.8 0.7200000000000002 0
475 1.8 0.7800000000000004 0
476 1.8 0.8400000000000003 0
477 1.8 0.9000000000000004 0
478 1.8 0.9600000000000004 0
479 1.8 1.02 0
480 1.8 1.080000000000001 0
481 1.8 1.14 0
482 1.9 0.05499999999999994 0
483 1.9 0.1100000000000001 0
484 1.9 0.1650000000000003 0
485 1.9 0.2200000000000001 0
486 1.9 0.2749999999999999 0
487 1.9 0.3299999999999998 0
488 1.9 0.3849999999999999 0
489 1.9 0.4400000000000003 0
490 1.9 0.4950000000000002 0
491 1.9 0.5500000000000002 0
492 1.9 0.6050000000000001 0
493 1.9 0.66 0
494 1.9 0.7150000000000001 0
495 1.9 0.7700000000000001 0
496 1.9 0.8250000000000002 0
497 1.9 0.8800000000000002 0
498 1.9 0.9350000000000002 0
499 1.9 0.9900000000000002 0
500 1.9 1.045 0
501 2.055 1.1 0
502 1.96 1.200000000000001 0
503 1.864999999999999 1.3 0
504 1.769999999999999 1.400000000000001 0
505 1.674999999999999 1.500000000000001 0
506 1.579999999999999 1.600000000000001 0
507 1.484999999999999 1.700000000000001 0
508 1.389999999999999 1.800000000000002 0
509 1.294999999999999 1.900000000000001 0
510 1.199999999999999 2.000000000000001 0
511 1.104999999999999 2.100000000000001 0
512 1.009999999999998 2.200000000000002 0
513 0.914999999999998 2.300000000000001 0
514 0.8199999999999983 2.400000000000001 0
515 0.7249999999999983 2.500000000000001 0
516 0.629999999999999 2.600000000000001 0
517 0.5349999999999984 2.700000000000001 0
518 0.4399999999999991 2.800000000000001 0
519 0.3449999999999993 2.9 0
520 2.21 1.1 0
521 2.12 1.200000000000001 0
522 2.029999999999999 1.3 0
523 1.94 1.400000000000001 0
524 1.849999999999999 1.500000000000001 0
525 1.759999999999999 1.600000000000001 0
526 1.669999999999999 1.700000000000001 0
527 1.579999999999999 1.800000000000002 0
528 1.489999999999999 1.900000000000001 0
529 1.399999999999999 2.000000000000001 0
530 1.309999999999999 2.100000000000001 0
531 1.219999999999998 2.200000000000002 0
532 1.129999999999998 2.300000000000001 0
533 1.039999999999998 2.400000000000001 0
534 0.9499999999999984 2.500000000000001 0
535 0.8599999999999988 2.600000000000001 0
536 0.7699999999999991 2.700000000000001 0
537 0.6799999999999993 2.800000000000001 0
538 0.589999999999999 2.9 0
539 2.365 1.1 0
540 2.279999999999999 1.200000000000001 0
541 2.194999999999999 1.3 0
542 2.109999999999999 1.400000000000001 0
543 2.024999999999999 1.500000000000001 0
544 1.939999999999999 1.600000000000001 0
545 1.854999999999999 1.700000000000001 0
546 1.769999999999999 1.800000000000001 0
547 1.684999999999999 1.900000000000001 0
548 1.599999999999999 2.000000000000001 0
549 1.514999999999998 2.100000000000001 0
550 1.429999999999998 2.200000000000001 0
551 1.344999999999998 2.300000000000001 0
552 1.259999999999999 2.400000000000001 0
553 1.174999999999999 2.500000000000001 0
554 1.089999999999999 2.600000000000001 0
555 1.004999999999999 2.700000000000001 0
556 0.9199999999999995 2.800000000000001 0
557 0.8349999999999995 2.9 0
558 2.52 1.1 0
559 2.44 1.200000000000001 0
560 2.359999999999999 1.3 0
561 2.279999999999999 1.400000000000001 0
562 2.199999999999999 1.500000000000001 0
563 2.119999999999999 1.600000000000001 0
564 2.039999999999999 1.700000000000001 0
565 1.959999999999999 1.800000000000001 0
566 1.879999999999999 1.900000000000001 0
567 1.799999999999999 2.000000000000001 0
568 1.719999999999999 2.100000000000001 0
569 1.639999999999999 2.200000000000001 0
570 1.559999999999999 2.300000000000001 0
571 1.479999999999999 2.400000000000001 0
572 1.399999999999999 2.500000000000001 0
573 1.319999999999999 2.600000000000001 0
574 1.24 2.700000000000001 0
575 1.159999999999999 2.800000000000001 0
576 1.08 2.9 0
577 2.675 1.1 0
578 2.6 1.2 0
579 2.524999999999999 1.3 0
580 2.449999999999999 1.4 0
581 2.374999999999999 1.500000000000001 0
582 2.299999999999999 1.600000000000001 0
583 2.224999999999999 1.700000000000001 0
584 2.149999999999999 1.800000000000001 0
585 2.074999999999999 1.900000000000001 0
586 1.999999999999999 2.000000000000001 0
587 1.924999999999999 2.100000000000001 0
588 1.849999999999999 2.200000000000001 0
589 1.774999999999999 2.300000000000001 0
590 1.699999999999999 2.400000000000001 0
591 1.624999999999999 2.500000000000001 0
592 1.549999999999999 2.600000000000001 0
593 1.474999999999999 2.700000000000001 0
594 1.399999999999999 2.800000000000001 0
595 1.324999999999999 2.9 0
596 2.83 1.1 0
597 2.76 1.2 0
598 2.69 1.3 0
599 2.619999999999999 1.4 0
600 2.549999999999999 1.500000000000001 0
601 2.479999999999999 1.600000000000001 0
602 2.409999999999999 1.700000000000001 0
603 2.339999999999999 1.800000000000001 0
604 2.269999999999999 1.900000000000001 0
605 2.199999999999999 2.000000000000001 0
606 2.129999999999999 2.100000000000001 0
607 2.059999999999999 2.200000000000001 0
608 1.989999999999999 2.300000000000001 0
609 1.919999999999999 2.400000000000001 0
610 1.849999999999999 2.500000000000001 0
611 1.779999999999999 2.600000000000001 0
612 1.71 2.700000000000001 0
613 1.639999999999999 2.800000000000001 0
614 1.569999999999999 2.9 0
615 2.985 1.1 0
616 2.92 1.2 0
617 2.855 1.3 0
618 2.79 1.4 0
619 2.724999999999999 1.500000000000001 0
620 2.659999999999999 1.600000000000001 0
621 2.594999999999999 1.700000000000001 0
622 2.529999999999999 1.800000000000001 0
623 2.464999999999999 1.900000000000001 0
624 2.399999999999999 2.000000000000001 0
625 2.334999999999999 2.100000000000001 0
626 2.269999999999999 2.200000000000001 0
627 2.204999999999999 2.300000000000001 0
628 2.139999999999999 2.400000000000001 0
629 2.074999999999999 2.500000000000001 0
630 2.01 2.600000000000001 0
631 1.945 2.700000000000001 0
632 1.879999999999999 2.800000000000001 0
633 1.815 2.9 0
634 3.14 1.1 0
635 3.08 1.2 0
636 3.02 1.3 0
637 2.96 1.4 0
638 2.899999999999999 1.5 0
639 2.839999999999999 1.600000000000001 0
640 2.779999999999999 1.700000000000001 0
641 2.719999999999999 1.800000000000001 0
642 2.659999999999999 1.900000000000001 0
643 2.599999999999999 2.000000000000001 0
644 2.539999999999999 2.100000000000001 0
645 2.479999999999999 2.200000000000001 0
646 2.419999999999999 2.300000000000001 0
647 2.359999999999999 2.400000000000001 0
648 2.299999999999999 2.500000000000001 0
649 2.239999999999999 2.600000000000001 0
650 2.179999999999999 2.700000000000001 0
651 2.119999999999999 2.800000000000001 0
652 2.06 2.9 0
653 3.295 1.1 0
654 3.24 1.2 0
655 3.185 1.3 0
656 3.129999999999999 1.4 0
657 3.074999999999999 1.5 0
658 3.019999999999999 1.600000000000001 0
659 2.964999999999999 1.700000000000001 0
660 2.909999999999999 1.800000000000001 0
661 2.854999999999999 1.900000000000001 0
662 2.799999999999999 2.000000000000001 0
663 2.744999999999999 2.100000000000001 0
664 2.689999999999999 2.200000000000001 0
665 2.634999999999999 2.300000000000001 0
666 2.579999999999999 2.400000000000001 0
667 2.524999999999999 2.500000000000001 0
668 2.469999999999999 2.600000000000001 0
669 2.415 2.7 0
670 2.359999999999999 2.800000000000001 0
671 2.305 2.9 0
672 3.45 1.1 0
673 3.4 1.2 0
674 3.35 1.3 0
675 3.3 1.4 0
676 3.25 1.5 0
677 3.199999999999999 1.600000000000001 0
678 3.149999999999999 1.700000000000001 0
679 3.099999999999999 1.800000000000001 0
680 3.049999999999999 1.900000000000001 0
681 2.999999999999999 2.000000000000001 0
682 2.949999999999999 2.100000000000001 0
683 2.899999999999999 2.200000000000001 0
684 2.849999999999999 2.300000000000001 0
685 2.799999999999999 2.4 0
686 2.75 2.5 0
687 2.699999999999999 2.600000000000001 0
688 2.649999999999999 2.7 0
689 2.6 2.800000000000001 0
690 2.55 2.9 0
691 3.605 1.1 0
692 3.56 1.2 0
693 3.515 1.3 0
694 3.47 1.4 0
695 3.425 1.5 0
696 3.379999999999999 1.600000000000001 0
697 3.335 1.700000000000001 0
698 3.289999999999999 1.800000000000001 0
699 3.244999999999999 1.900000000000001 0
700 3.199999999999999 2.000000000000001 0
701 3.154999999999999 2.100000000000001 0
702 3.109999999999999 2.200000000000001 0
703 3.065 2.300000000000001 0
704 3.02 2.4 0
705 2.975 2.5 0
706 2.93 2.600000000000001 0
707 2.884999999999999 2.7 0
708 2.839999999999999 2.800000000000001 0
709 2.795 2.9 0
710 3.760000000000001 1.1 0
711 3.720000000000001 1.2 0
712 3.68 1.3 0
713 3.64 1.4 0
714 3.6 1.5 0
715 3.56 1.600000000000001 0
716 3.52 1.700000000000001 0
717 3.48 1.800000000000001 0
718 3.44 1.900000000000001 0
719 3.399999999999999 2 0
720 3.359999999999999 2.100000000000001 0
721 3.319999999999999 2.200000000000001 0
722 3.279999999999999 2.300000000000001 0
723 3.239999999999999 2.4 0
724 3.199999999999999 2.5 0
725 3.159999999999999 2.600000000000001 0
726 3.12 2.7 0
727 3.08 2.800000000000001 0
728 3.04 2.9 0
729 3.915 1.1 0
730 3.880000000000001 1.2 0
731 3.845000000000001 1.3 0
732 3.81 1.4 0
733 3.775 1.5 0
734 3.74 1.600000000000001 0
735 3.705 1.700000000000001 0
736 3.67 1.800000000000001 0
737 3.635 1.900000000000001 0
738 3.6 2 0
739 3.565 2.100000000000001 0
740 3.529999999999999 2.200000000000001 0
741 3.494999999999999 2.300000000000001 0
742 3.459999999999999 2.4 0
743 3.424999999999999 2.5 0
744 3.39 2.600000000000001 0
745 3.355 2.7 0
746 3.319999999999999 2.800000000000001 0
747 3.285 2.9 0
748 4.07 1.1 0
749 4.040000000000001 1.2 0
750 4.01 1.3 0
751 3.98 1.4 0
752 3.95 1.5 0
753 3.92 1.600000000000001 0
754 3.89 1.7 0
755 3.859999999999999 1.8 0
756 3.83 1.9 0
757 3.8 2 0
758 3.77 2.100000000000001 0
759 3.739999999999999 2.200000000000001 0
760 3.71 2.3 0
761 3.68 2.4 0
762 3.649999999999999 2.5 0
763 3.62 2.600000000000001 0
764 3.59 2.7 0
765 3.56 2.800000000000001 0
766 3.53 2.9 0
767 4.225000000000001 1.1 0
768 4.200000000000001 1.2 0
769 4.175 1.3 0
770 4.149999999999999 1.4 0
771 4.125 1.5 0
772 4.1 1.600000000000001 0
773 4.074999999999999 1.7 0
774 4.05 1.8 0
775 4.025 1.9 0
776 4 2 0
777 3.975 2.100000000000001 0
778 3.949999999999999 2.200000000000001 0
779 3.924999999999999 2.3 0
780 3.899999999999999 2.4 0
781 3.875 2.5 0
782 3.85 2.600000000000001 0
783 3.825 2.7 0
784 3.8 2.800000000000001 0
785 3.775 2.9 0
786 4.380000000000001 1.1 0
787 4.360000000000001 1.2 0
788 4.340000000000001 1.3 0
789 4.32 1.4 0
790 4.3 1.5 0
791 4.279999999999999 1.600000000000001 0
792 4.26 1.7 0
793 4.24 1.8 0
794 4.220000000000001 1.9 0
795 4.2 2 0
796 4.18 2.100000000000001 0
797 4.159999999999999 2.2 0
798 4.139999999999999 2.3 0
799 4.119999999999999 2.4 0
800 4.1 2.5 0
801 4.08 2.600000000000001 0
802 4.06 2.7 0
803 4.039999999999999 2.8 0
804 4.02 2.9 0
805 4.535000000000001 1.1 0
806 4.520000000000001 1.2 0
807 4.505000000000001 1.3 0
808 4.49 1.4 0
809 4.475 1.5 0
810 4.459999999999999 1.6 0
811 4.445 1.7 0
812 4.430000000000001 1.8 0
813 4.415 1.9 0
814 4.4 2 0
815 4.385 2.1 0
816 4.369999999999999 2.2 0
817 4.354999999999999 2.3 0
818 4.34 2.4 0
819 4.325 2.5 0
820 4.31 2.600000000000001 0
821 4.295 2.7 0
822 4.279999999999999 2.8 0
823 4.265 2.9 0
824 4.69 1.1 0
825 4.680000000000001 1.2 0
826 4.67 1.3 0
827 4.66 1.4 0
828 4.649999999999999 1.5 0
829 4.64 1.6 0
830 4.63 1.7 0
831 4.62 1.8 0
832 4.609999999999999 1.9 0
833 4.6 2 0
834 4.59 2.1 0
835 4.58 2.2 0
836 4.569999999999999 2.3 0
837 4.56 2.4 0
838 4.55 2.5 0
839 4.54 2.600000000000001 0
840 4.529999999999999 2.7 0
841 4.52 2.8 0
842 4.51 2.9 0
843 4.845 1.1 0
844 4.84 1.2 0
845 4.834999999999999 1.3 0
846 4.83 1.4 0
847 4.824999999999999 1.5 0
848 4.819999999999999 1.6 0
849 4.815 1.7 0
850 4.81 1.8 0
851 4.805 1.9 0
852 4.799999999999999 2 0
853 4.795 2.1 0
854 4.789999999999999 2.2 0
855 4.784999999999999 2.3 0
856 4.779999999999999 2.4 0
857 4.774999999999999 2.5 0
858 4.77 2.6 0
859 4.764999999999999 2.7 0
860 4.76 2.8 0
861 4.754999999999999 2.9 0
$EndNodes
$Elements
920
1 1 2 8 1 1 7
2 1 2 8 1 7 8
3 1 2 8 1 8 9
4 1 2 8 1 9 10
5 1 2 8 1 10 11
6 1 2 8 1 11 12
7 1 2 8 1 12 13
8 1 2 8 1 13 14
9 1 2 8 1 14 15
10 1 2 8 1 15 16
11 1 2 8 1 16 17
12 1 2 8 1 17 18
13 1 2 8 1 18 19
14 1 2 8 1 19 20
15 1 2 8 1 20 21
16 1 2 8 1 21 22
17 1 2 8 1 22 23
18 1 2 8 1 23 24
19 1 2 8 1 24 25
20 1 2 8 1 25 2
21 1 2 9 2 2 26
22 1 2 9 2 26 27
23 1 2 9 2 27 28
24 1 2 9 2 28 29
25 1 2 9 2 29 30
26 1 2 9 2 30 31
27 1 2 9 2 31 32
28 1 2 9 2 32 33
29 1 2 9 2 33 34
30 1 2 9 2 34 35
31 1 2 9 2 35 36
32 1 2 9 2 36 37
33 1 2 9 2 37 38
34 1 2 9 2 38 39
35 1 2 9 2 39 40
36 1 2 9 2 40 41
37 1 2 9 2 41 42
38 1 2 9 2 42 43
39 1 2 9 2 43 44
40 1 2 9 2 44 3
41 1 2 9 3 3 45
42 1 2 9 3 45 46
43 1 2 9 3 46 47
44 1 2 9 3 47 48
45 1 2 9 3 48 49
46 1 2 9 3 49 50
47 1 2 9 3 50 51
48 1 2 9 3 51 52
49 1 2 9 3 52 53
50 1 2 9 3 53 54
51 1 2 9 3 54 55
52 1 2 9 3 55 56
53 1 2 9 3 56 57
54 1 2 9 3 57 58
55 1 2 9 3 58 59
56 1 2 9 3 59 60
57 1 2 9 3 60 61
58 1 2 9 3 61 62
59 1 2 9 3 62 63
60 1 2 9 3 63 4
61 1 2 8 4 4 64
62 1 2 8 4 64 65
63 1 2 8 4 65 66
64 1 2 8 4 66 67
65 1 2 8 4 67 68
66 1 2 8 4 68 69
67 1 2 8 4 69 70
68 1 2 8 4 70 71
69 1 2 8 4 71 72
70 1 2 8 4 72 73
71 1 2 8 4 73 74
72 1 2 8 4 74 75
73 1 2 8 4 75 76
74 1 2 8 4 76 77
75 1 2 8 4 77 78
76 1 2 8 4 78 79
77 1 2 8 4 79 80
78 1 2 8 4 80 81
79 1 2 8 4 81 82
80 1 2 8 4 82 5
81 1 2 10 5 5 83
82 1 2 10 5 83 84
83 1 2 10 5 84 85
84 1 2 10 5 85 86
85 1 2 10 5 86 87
86 1 2 10 5 87 88
87 1 2 10 5 88 89
88 1 2 10 5 89 90
89 1 2 10 5 90 91
90 1 2 10 5 91 92
91 1 2 10 5 92 93
92 1 2 10 5 93 94
93 1 2 10 5 94 95
94 1 2 10 5 95 96
95 1 2 10 5 96 97
96 1 2 10 5 97 98
97 1 2 10 5 98 99
98 1 2 10 5 99 100
99 1 2 10 5 100 101
100 1 2 10 5 101 6
101 1 2 8 6 6 102
102 1 2 8 6 102 103
103 1 2 8 6 103 104
104 1 2 8 6 104 105
105 1 2 8 6 105 106
106 1 2 8 6 106 107
107 1 2 8 6 107 108
108 1 2 8 6 108 109
109 1 2 8 6 109 110
110 1 2 8 6 110 111
111 1 2 8 6 111 112
112 1 2 8 6 112 113
113 1 2 8 6 113 114
114 1 2 8 6 114 115
115 1 2 8 6 115 116
116 1 2 8 6 116 117
117 1 2 8 6 117 118
118 1 2 8 6 118 119
119 1 2 8 6 119 120
120 1 2 8 6 120 1
121 3 2 11 1 1 7 140 120
122 3 2 11 1 120 140 141 119
123 3 2 11 1 119 141 142 118
124 3 2 11 1 118 142 143 117
125 3 2 11 1 117 143 144 116
126 3 2 11 1 116 144 145 115
127 3 2 11 1 115 145 146 114
128 3 2 11 1 114 146 147 113
129 3 2 11 1 113 147 148 112
130 3 2 11 1 112 148 149 111
131 3 2 11 1 111 149 150 110
132 3 2 11 1 110 150 151 109
133 3 2 11 1 109 151 152 108
134 3 2 11 1 108 152 153 107
135 3 2 11 1 107 153 154 106
136 3 2 11 1 106 154 155 105
137 3 2 11 1 105 155 156 104
138 3 2 11 1 104 156 157 103
139 3 2 11 1 103 157 158 102
140 3 2 11 1 102 158 139 6
141 3 2 11 1 7 8 159 140
142 3 2 11 1 140 159 160 141
143 3 2 11 1 141 160 161 142
144 3 2 11 1 142 161 162 143
145 3 2 11 1 143 162 163 144
146 3 2 11 1 144 163 164 145
147 3 2 11 1 145 164 165 146
148 3 2 11 1 146 165 166 147
149 3 2 11 1 147 166 167 148
150 3 2 11 1 148 167 168 149
151 3 2 11 1 149 168 169 150
152 3 2 11 1 150 169 170 151
153 3 2 11 1 151 170 171 152
154 3 2 11 1 152 171 172 153
155 3 2 11 1 153 172 173 154
156 3 2 11 1 154 173 174 155
157 3 2 11 1 155 174 175 156
158 3 2 11 1 156 175 176 157
159 3 2 11 1 157 176 177 158
160 3 2 11 1 158 177 138 139
161 3 2 11 1 8 9 178 159
162 3 2 11 1 159 178 179 160
163 3 2 11 1 160 179 180 161
164 3 2 11 1 161 180 181 162
165 3 2 11 1 162 181 182 163
166 3 2 11 1 163 182 183 164
167 3 2 11 1 164 183 184 165
168 3 2 11 1 165 184 185 166
169 3 2 11 1 166 185 186 167
170 3 2 11 1 167 186 187 168
171 3 2 11 1 168 187 188 169
172 3 2 11 1 169 188 189 170
173 3 2 11 1 170 189 190 171
174 3 2 11 1 171 190 191 172
175 3 2 11 1 172 191 192 173
176 3 2 11 1 173 192 193 174
177 3 2 11 1 174 193 194 175
178 3 2 11 1 175 194 195 176
179 3 2 11 1 176 195 196 177
180 3 2 11 1 177 196 137 138
181 3 2 11 1 9 10 197 178
182 3 2 11 1 178 197 198 179
183 3 2 11 1 179 198 199 180
184 3 2 11 1 180 199 200 181
185 3 2 11 1 181 200 201 182
186 3 2 11 1 182 201 202 183
187 3 2 11 1 183 202 203 184
188 3 2 11 1 184 203 204 185
189 3 2 11 1 185 204 205 186
190 3 2 11 1 186 205 206 187
191 3 2 11 1 187 206 207 188
192 3 2 11 1 188 207 208 189
193 3 2 11 1 189 208 209 190
194 3 2 11 1 190 209 210 191
195 3 2 11 1 191 210 211 192
196 3 2 11 1 192 211 212 193
197 3 2 11 1 193 212 213 194
198 3 2 11 1 194 213 214 195
199 3 2 11 1 195 214 215 196
200 3 2 11 1 196 215 136 137
201 3 2 11 1 10 11 216 197
202 3 2 11 1 197 216 217 198
203 3 2 11 1 198 217 218 199
204 3 2 11 1 199 218 219 200
205 3 2 11 1 200 219 220 201
206 3 2 11 1 201 220 221 202
207 3 2 11 1 202 221 222 203
208 3 2 11 1 203 222 223 204
209 3 2 11 1 204 223 224 205
210 3 2 11 1 205 224 225 206
211 3 2 11 1 206 225 226 207
212 3 2 11 1 207 226 227 208
213 3 2 11 1 208 227 228 209
214 3 2 11 1 209 228 229 210
215 3 2 11 1 210 229 230 211
216 3 2 11 1 211 230 231 212
217 3 2 11 1 212 231 232 213
218 3 2 11 1 213 232 233 214
219 3 2 11 1 214 233 234 215
220 3 2 11 1 215 234 135 136
221 3 2 11 1 11 12 235 216
222 3 2 11 1 216 235 236 217
223 3 2 11 1 217 236 237 218
224 3 2 11 1 218 237 238 219
225 3 2 11 1 219 238 239 220
226 3 2 11 1 220 239 240 221
227 3 2 11 1 221 240 241 222
228 3 2 11 1 222 241 242 223
229 3 2 11 1 223 242 243 224
230 3 2 11 1 224 243 244 225
231 3 2 11 1 225 244 245 226
232 3 2 11 1 226 245 246 227
233 3 2 11 1 227 246 247 228
234 3 2 11 1 228 247 248 229
235 3 2 11 1 229 248 249 230
236 3 2 11 1 230 249 250 231
237 3 2 11 1 231 250 251 232
238 3 2 11 1 232 251 252 233
239 3 2 11 1 233 252 253 234
240 3 2 11 1 234 253 134 135
241 3 2 11 1 12 13 254 235
242 3 2 11 1 235 254 255 236
243 3 2 11 1 236 255 256 237
244 3 2 11 1 237 256 257 238
245 3 2 11 1 238 257 258 239
246 3 2 11 1 239 258 259 240
247 3 2 11 1 240 259 260 241
248 3 2 11 1 241 260 261 242
249 3 2 11 1 242 261 262 243
250 3 2 11 1 243 262 263 244
251 3 2 11 1 244 263 264 245
252 3 2 11 1 245 264 265 246
253 3 2 11 1 246 265 266 247
254 3 2 11 1 247 266 267 248
255 3 2 11 1 248 267 268 249
256 3 2 11 1 249 268 269 250
257 3 2 11 1 250 269 270 251
258 3 2 11 1 251 270 271 252
259 3 2 11 1 252 271 272 253
260 3 2 11 1 253 272 133 134
261 3 2 11 1 13 14 273 254
262 3 2 11 1 254 273 274 255
263 3 2 11 1 255 274 275 256
264 3 2 11 1 256 275 276 257
265 3 2 11 1 257 276 277 258
266 3 2 11 1 258 277 278 259
267 3 2 11 1 259 278 279 260
268 3 2 11 1 260 279 280 261
269 3 2 11 1 261 280 281 262
270 3 2 11 1 262 281 282 263
271 3 2 11 1 263 282 283 264
272 3 2 11 1 264 283 284 265
273 3 2 11 1 265 284 285 266
274 3 2 11 1 266 285 286 267
275 3 2 11 1 267 286 287 268
276 3 2 11 1 268 287 288 269
277 3 2 11 1 269 288 289 270
278 3 2 11 1 270 289 290 271
279 3 2 11 1 271 290 291 272
280 3 2 11 1 272 291 132 133
281 3 2 11 1 14 15 292 273
282 3 2 11 1 273 292 293 274
283 3 2 11 1 274 293 294 275
284 3 2 11 1 275 294 295 276
285 3 2 11 1 276 295 296 277
286 3 2 11 1 277 296 297 278
287 3 2 11 1 278 297 298 279
288 3 2 11 1 279 298 299 280
289 3 2 11 1 280 299 300 281
290 3 2 11 1 281 300 301 282
291 3 2 11 1 282 301 302 283
292 3 2 11 1 283 302 303 284
293 3 2 11 1 284 303 304 285
294 3 2 11 1 285 304 305 286
295 3 2 11 1 286 305 306 287
296 3 2 11 1 287 306 307 288
297 3 2 11 1 288 307 308 289
298 3 2 11 1 289 308 309 290
299 3 2 11 1 290 309 310 291
300 3 2 11 1 291 310 131 132
301 3 2 11 1 15 16 311 292
302 3 2 11 1 292 311 312 293
303 3 2 11 1 293 312 313 294
304 3 2 11 1 294 313 314 295
305 3 2 11 1 295 314 315 296
306 3 2 11 1 296 315 316 297
307 3 2 11 1 297 316 317 298
308 3 2 11 1 298 317 318 299
309 3 2 11 1 299 318 319 300
310 3 2 11 1 300 319 320 301
311 3 2 11 1 301 320 321 302
312 3 2 11 1 302 321 322 303
313 3 2 11 1 303 322 323 304
314 3 2 11 1 304 323 324 305
315 3 2 11 1 305 324 325 306
316 3 2 11 1 306 325 326 307
317 3 2 11 1 307 326 327 308
318 3 2 11 1 308 327 328 309
319 3 2 11 1 309 328 329 310
320 3 2 11 1 310 329 130 131
321 3 2 11 1 16 17 330 311
322 3 2 11 1 311 330 331 312
323 3 2 11 1 312 331 332 313
324 3 2 11 1 313 332 333 314
325 3 2 11 1 314 333 334 315
326 3 2 11 1 315 334 335 316
327 3 2 11 1 316 335 336 317
328 3 2 11 1 317 336 337 318
329 3 2 11 1 318 337 338 319
330 3 2 11 1 319 338 339 320
331 3 2 11 1 320 339 340 321
332 3 2 11 1 321 340 341 322
333 3 2 11 1 322 341 342 323
334 3 2 11 1 323 342 343 324
335 3 2 11 1 324 343 344 325
336 3 2 11 1 325 344 345 326
337 3 2 11 1 326 345 346 327
338 3 2 11 1 327 346 347 328
339 3 2 11 1 328 347 348 329
340 3 2 11 1 329 348 129 130
341 3 2 11 1 17 18 349 330
342 3 2 11 1 330 349 350 331
343 3 2 11 1 331 350 351 332
344 3 2 11 1 332 351 352 333
345 3 2 11 1 333 352 353 334
346 3 2 11 1 334 353 354 335
347 3 2 11 1 335 354 355 336
348 3 2 11 1 336 355 356 337
349 3 2 11 1 337 356 357 338
350 3 2 11 1 338 357 358 339
351 3 2 11 1 339 358 359 340
352 3 2 11 1 340 359 360 341
353 3 2 11 1 341 360 361 342
354 3 2 11 1 342 361 362 343
355 3 2 11 1 343 362 363 344
356 3 2 11 1 344 363 364 345
357 3 2 11 1 345 364 365 346
358 3 2 11 1 346 365 366 347
359 3 2 11 1 347 366 367 348
360 3 2 11 1 348 367 128 129
361 3 2 11 1 18 19 368 349
362 3 2 11 1 349 368 369 350
363 3 2 11 1 350 369 370 351
364 3 2 11 1 351 370 371 352
365 3 2 11 1 352 371 372 353
366 3 2 11 1 353 372 373 354
367 3 2 11 1 354 373 374 355
368 3 2 11 1 355 374 375 356
369 3 2 11 1 356 375 376 357
370 3 2 11 1 357 376 377 358
371 3 2 11 1 358 377 378 359
372 3 2 11 1 359 378 379 360
373 3 2 11 1 360 379 380 361
374 3 2 11 1 361 380 381 362
375 3 2 11 1 362 381 382 363
376 3 2 11 1 363 382 383 364
377 3 2 11 1 364 383 384 365
378 3 2 11 1 365 384 385 366
379 3 2 11 1 366 385 386 367
380 3 2 11 1 367 386 127 128
381 3 2 11 1 19 20 387 368
382 3 2 11 1 368 387 388 369
383 3 2 11 1 369 388 389 370
384 3 2 11 1 370 389 390 371
385 3 2 11 1 371 390 391 372
386 3 2 11 1 372 391 392 373
387 3 2 11 1 373 392 393 374
388 3 2 11 1 374 393 394 375
389 3 2 11 1 375 394 395 376
390 3 2 11 1 376 395 396 377
391 3 2 11 1 377 396 397 378
392 3 2 11 1 378 397 398 379
393 3 2 11 1 379 398 399 380
394 3 2 11 1 380 399 400 381
395 3 2 11 1 381 400 401 382
396 3 2 11 1 382 401 402 383
397 3 2 11 1 383 402 403 384
398 3 2 11 1 384 403 404 385
399 3 2 11 1 385 404 405 386
400 3 2 11 1 386 405 126 127
401 3 2 11 1 20 21 406 387
402 3 2 11 1 387 406 407 388
403 3 2 11 1 388 407 408 389
404 3 2 11 1 389 408 409 390
405 3 2 11 1 390 409 410 391
406 3 2 11 1 391 410 411 392
407 3 2 11 1 392 411 412 393
408 3 2 11 1 393 412 413 394
409 3 2 11 1 394 413 414 395
410 3 2 11 1 395 414 415 396
411 3 2 11 1 396 415 416 397
412 3 2 11 1 397 416 417 398
413 3 2 11 1 398 417 418 399
414 3 2 11 1 399 418 419 400
415 3 2 11 1 400 419 420 401
416 3 2 11 1 401 420 421 402
417 3 2 11 1 402 421 422 403
418 3 2 11 1 403 422 423 404
419 3 2 11 1 404 423 424 405
420 3 2 11 1 405 424 125 126
421 3 2 11 1 21 22 425 406
422 3 2 11 1 406 425 426 407
423 3 2 11 1 407 426 427 408
424 3 2 11 1 408 427 428 409
425 3 2 11 1 409 428 429 410
426 3 2 11 1 410 429 430 411
427 3 2 11 1 411 430 431 412
428 3 2 11 1 412 431 432 413
429 3 2 11 1 413 432 433 414
430 3 2 11 1 414 433 434 415
431 3 2 11 1 415 434 435 416
432 3 2 11 1 416 435 436 417
433 3 2 11 1 417 436 437 418
434 3 2 11 1 418 437 438 419
435 3 2 11 1 419 438 439 420
436 3 2 11 1 420 439 440 421
437 3 2 11 1 421 440 441 422
438 3 2 11 1 422 441 442 423
439 3 2 11 1 423 442 443 424
440 3 2 11 1 424 443 124 125
441 3 2 11 1 22 23 444 425
442 3 2 11 1 425 444 445 426
443 3 2 11 1 426 445 446 427
444 3 2 11 1 427 446 447 428
445 3 2 11 1 428 447 448 429
446 3 2 11 1 429 448 449 430
447 3 2 11 1 430 449 450 431
448 3 2 11 1 431 450 451 432
449 3 2 11 1 432 451 452 433
450 3 2 11 1 433 452 453 434
451 3 2 11 1 434 453 454 435
452 3 2 11 1 435 454 455 436
453 3 2 11 1 436 455 456 437
454 3 2 11 1 437 456 457 438
455 3 2 11 1 438 457 458 439
456 3 2 11 1 439 458 459 440
457 3 2 11 1 440 459 460 441
458 3 2 11 1 441 460 461 442
459 3 2 11 1 442 461 462 443
460 3 2 11 1 443 462 123 124
461 3 2 11 1 23 24 463 444
462 3 2 11 1 444 463 464 445
463 3 2 11 1 445 464 465 446
464 3 2 11 1 446 465 466 447
465 3 2 11 1 447 466 467 448
466 3 2 11 1 448 467 468 449
467 3 2 11 1 449 468 469 450
468 3 2 11 1 450 469 470 451
469 3 2 11 1 451 470 471 452
470 3 2 11 1 452 471 472 453
471 3 2 11 1 453 472 473 454
472 3 2 11 1 454 473 474 455
473 3 2 11 1 455 474 475 456
474 3 2 11 1 456 475 476 457
475 3 2 11 1 457 476 477 458
476 3 2 11 1 458 477 478 459
477 3 2 11 1 459 478 479 460
478 3 2 11 1 460 479 480 461
479 3 2 11 1 461 480 481 462
480 3 2 11 1 462 481 122 123
481 3 2 11 1 24 25 482 463
482 3 2 11 1 463 482 483 464
483 3 2 11 1 464 483 484 465
484 3 2 11 1 465 484 485 466
485 3 2 11 1 466 485 486 467
486 3 2 11 1 467 486 487 468
487 3 2 11 1 468 487 488 469
488 3 2 11 1 469 488 489 470
489 3 2 11 1 470 489 490 471
490 3 2 11 1 471 490 491 472
491 3 2 11 1 472 491 492 473
492 3 2 11 1 473 492 493 474
493 3 2 11 1 474 493 494 475
494 3 2 11 1 475 494 495 476
495 3 2 11 1 476 495 496 477
496 3 2 11 1 477 496 497 478
497 3 2 11 1 478 497 498 479
498 3 2 11 1 479 498 499 480
499 3 2 11 1 480 499 500 481
500 3 2 11 1 481 500 121 122
501 3 2 11 1 25 2 26 482
502 3 2 11 1 482 26 27 483
503 3 2 11 1 483 27 28 484
504 3 2 11 1 484 28 29 485
505 3 2 11 1 485 29 30 486
506 3 2 11 1 486 30 31 487
507 3 2 11 1 487 31 32 488
508 3 2 11 1 488 32 33 489
509 3 2 11 1 489 33 34 490
510 3 2 11 1 490 34 35 491
511 3 2 11 1 491 35 36 492
512 3 2 11 1 492 36 37 493
513 3 2 11 1 493 37 38 494
514 3 2 11 1 494 38 39 495
515 3 2 11 1 495 39 40 496
516 3 2 11 1 496 40 41 497
517 3 2 11 1 497 41 42 498
518 3 2 11 1 498 42 43 499
519 3 2 11 1 499 43 44 500
520 3 2 11 1 500 44 3 121
521 3 2 11 2 3 45 501 121
522 3 2 11 2 121 501 502 122
523 3 2 11 2 122 502 503 123
524 3 2 11 2 123 503 504 124
525 3 2 11 2 124 504 505 125
526 3 2 11 2 125 505 506 126
527 3 2 11 2 126 506 507 127
528 3 2 11 2 127 507 508 128
529 3 2 11 2 128 508 509 129
530 3 2 11 2 129 509 510 130
531 3 2 11 2 130 510 511 131
532 3 2 11 2 131 511 512 132
533 3 2 11 2 132 512 513 133
534 3 2 11 2 133 513 514 134
535 3 2 11 2 134 514 515 135
536 3 2 11 2 135 515 516 136
537 3 2 11 2 136 516 517 137
538 3 2 11 2 137 517 518 138
539 3 2 11 2 138 518 519 139
540 3 2 11 2 139 519 101 6
541 3 2 11 2 45 46 520 501
542 3 2 11 2 501 520 521 502
543 3 2 11 2 502 521 522 503
544 3 2 11 2 503 522 523 504
545 3 2 11 2 504 523 524 505
546 3 2 11 2 505 524 525 506
547 3 2 11 2 506 525 526 507
548 3 2 11 2 507 526 527 508
549 3 2 11 2 508 527 528 509
550 3 2 11 2 509 528 529 510
551 3 2 11 2 510 529 530 511
552 3 2 11 2 511 530 531 512
553 3 2 11 2 512 531 532 513
554 3 2 11 2 513 532 533 514
555 3 2 11 2 514 533 534 515
556 3 2 11 2 515 534 535 516
557 3 2 11 2 516 535 536 517
558 3 2 11 2 517 536 537 518
559 3 2 11 2 518 537 538 519
560 3 2 11 2 519 538 100 101
561 3 2 11 2 46 47 539 520
562 3 2 11 2 520 539 540 521
563 3 2 11 2 521 540 541 522
564 3 2 11 2 522 541 542 523
565 3 2 11 2 523 542 543 524
566 3 2 11 2 524 543 544 525
567 3 2 11 2 525 544 545 526
568 3 2 11 2 526 545 546 527
569 3 2 11 2 527 546 547 528
570 3 2 11 2 528 547 548 529
571 3 2 11 2 529 548 549 530
572 3 2 11 2 530 549 550 531
573 3 2 11 2 531 550 551 532
574 3 2 11 2 532 551 552 533
575 3 2 11 2 533 552 553 534
576 3 2 11 2 534 553 554 535
577 3 2 11 2 535 554 555 536
578 3 2 11 2 536 555 556 537
579 3 2 11 2 537 556 557 538
580 3 2 11 2 538 557 99 100
581 3 2 11 2 47 48 558 539
582 3 2 11 2 539 558 559 540
583 3 2 11 2 540 559 560 541
584 3 2 11 2 541 560 561 542
585 3 2 11 2 542 561 562 543
586 3 2 11 2 543 562 563 544
587 3 2 11 2 544 563 564 545
588 3 2 11 2 545 564 565 546
589 3 2 11 2 546 565 566 547
590 3 2 11 2 547 566 567 548
591 3 2 11 2 548 567 568 549
592 3 2 11 2 549 568 569 550
593 3 2 11 2 550 569 570 551
594 3 2 11 2 551 570 571 552
595 3 2 11 2 552 571 572 553
596 3 2 11 2 553 572 573 554
597 3 2 11 2 554 573 574 555
598 3 2 11 2 555 574 575 556
599 3 2 11 2 556 575 576 557
600 3 2 11 2 557 576 98 99
601 3 2 11 2 48 49 577 558
602 3 2 11 2 558 577 578 559
603 3 2 11 2 559 578 579 560
604 3 2 11 2 560 579 580 561
605 3 2 11 2 561 580 581 562
606 3 2 11 2 562 581 582 563
607 3 2 11 2 563 582 583 564
608 3 2 11 2 564 583 584 565
609 3 2 11 2 565 584 585 566
610 3 2 11 2 566 585 586 567
611 3 2 11 2 567 586 587 568
612 3 2 11 2 568 587 588 569
613 3 2 11 2 569 588 589 570
614 3 2 11 2 570 589 590 571
615 3 2 11 2 571 590 591 572
616 3 2 11 2 572 591 592 573
617 3 2 11 2 573 592 593 574
618 3 2 11 2 574 593 594 575
619 3 2 11 2 575 594 595 576
620 3 2 11 2 576 595 97 98
621 3 2 11 2 49 50 596 577
622 3 2 11 2 577 596 597 578
623 3 2 11 2 578 597 598 579
624 3 2 11 2 579 598 599 580
625 3 2 11 2 580 599 600 581
626 3 2 11 2 581 600 601 582
627 3 2 11 2 582 601 602 583
628 3 2 11 2 583 602 603 584
629 3 2 11 2 584 603 604 585
630 3 2 11 2 585 604 605 586
631 3 2 11 2 586 605 606 587
632 3 2 11 2 587 606 607 588
633 3 2 11 2 588 607 608 589
634 3 2 11 2 589 608 609 590
635 3 2 11 2 590 609 610 591
636 3 2 11 2 591 610 611 592
637 3 2 11 2 592 611 612 593
638 3 2 11 2 593 612 613 594
639 3 2 11 2 594 613 614 595
640 3 2 11 2 595 614 96 97
641 3 2 11 2 50 51 615 596
642 3 2 11 2 596 615 616 597
643 3 2 11 2 597 616 617 598
644 3 2 11 2 598 617 618 599
645 3 2 11 2 599 618 619 600
646 3 2 11 2 600 619 620 601
647 3 2 11 2 601 620 621 602
648 3 2 11 2 602 621 622 603
649 3 2 11 2 603 622 623 604
650 3 2 11 2 604 623 624 605
651 3 2 11 2 605 624 625 606
652 3 2 11 2 606 625 626 607
653 3 2 11 2 607 626 627 608
654 3 2 11 2 608 627 628 609
655 3 2 11 2 609 628 629 610
656 3 2 11 2 610 629 630 611
657 3 2 11 2 611 630 631 612
658 3 2 11 2 612 631 632 613
659 3 2 11 2 613 632 633 614
660 3 2 11 2 614 633 95 96
661 3 2 11 2 51 52 634 615
662 3 2 11 2 615 634 635 616
663 3 2 11 2 616 635 636 617
664 3 2 11 2 617 636 637 618
665 3 2 11 2 618 637 638 619
666 3 2 11 2 619 638 639 620
667 3 2 11 2 620 639 640 621
668 3 2 11 2 621 640 641 622
669 3 2 11 2 622 641 642 623
670 3 2 11 2 623 642 643 624
671 3 2 11 2 624 643 644 625
672 3 2 11 2 625 644 645 626
673 3 2 11 2 626 645 646 627
674 3 2 11 2 627 646 647 628
675 3 2 11 2 628 647 648 629
676 3 2 11 2 629 648 649 630
677 3 2 11 2 630 649 650 631
678 3 2 11 2 631 650 651 632
679 3 2 11 2 632 651 652 633
680 3 2 11 2 633 652 94 95
681 3 2 11 2 52 53 653 634
682 3 2 11 2 634 653 654 635
683 3 2 11 2 635 654 655 636
684 3 2 11 2 636 655 656 637
685 3 2 11 2 637 656 657 638
686 3 2 11 2 638 657 658 639
687 3 2 11 2 639 658 659 640
688 3 2 11 2 640 659 660 641
689 3 2 11 2 641 660 661 642
690 3 2 11 2 642 661 662 643
691 3 2 11 2 643 662 663 644
692 3 2 11 2 644 663 664 645
693 3 2 11 2 645 664 665 646
694 3 2 11 2 646 665 666 647
695 3 2 11 2 647 666 667 648
696 3 2 11 2 648 667 668 649
697 3 2 11 2 649 668 669 650
698 3 2 11 2 650 669 670 651
699 3 2 11 2 651 670 671 652
700 3 2 11 2 652 671 93 94
701 3 2 11 2 53 54 672 653
702 3 2 11 2 653 672 673 654
703 3 2 11 2 654 673 674 655
704 3 2 11 2 655 674 675 656
705 3 2 11 2 656 675 676 657
706 3 2 11 2 657 676 677 658
707 3 2 11 2 658 677 678 659
708 3 2 11 2 659 678 679 660
709 3 2 11 2 660 679 680 661
710 3 2 11 2 661 680 681 662
711 3 2 11 2 662 681 682 663
712 3 2 11 2 663 682 683 664
713 3 2 11 2 664 683 684 665
714 3 2 11 2 665 684 685 666
715 3 2 11 2 666 685 686 667
716 3 2 11 2 667 686 687 668
717 3 2 11 2 668 687 688 669
718 3 2 11 2 669 688 689 670
719 3 2 11 2 670 689 690 671
720 3 2 11 2 671 690 92 93
721 3 2 11 2 54 55 691 672
722 3 2 11 2 672 691 692 673
723 3 2 11 2 673 692 693 674
724 3 2 11 2 674 693 694 675
725 3 2 11 2 675 694 695 676
726 3 2 11 2 676 695 696 677
727 3 2 11 2 677 696 697 678
728 3 2 11 2 678 697 698 679
729 3 2 11 2 679 698 699 680
730 3 2 11 2 680 699 700 681
731 3 2 11 2 681 700 701 682
732 3 2 11 2 682 701 702 683
733 3 2 11 2 683 702 703 684
734 3 2 11 2 684 703 704 685
735 3 2 11 2 685 704 705 686
736 3 2 11 2 686 705 706 687
737 3 2 11 2 687 706 707 688
738 3 2 11 2 688 707 708 689
739 3 2 11 2 689 708 709 690
740 3 2 11 2 690 709 91 92
741 3 2 11 2 55 56 710 691
742 3 2 11 2 691 710 711 692
743 3 2 11 2 692 711 712 693
744 3 2 11 2 693 712 713 694
745 3 2 11 2 694 713 714 695
746 3 2 11 2 695 714 715 696
747 3 2 11 2 696 715 716 697
748 3 2 11 2 697 716 717 698
749 3 2 11 2 698 717 718 699
750 3 2 11 2 699 718 719 700
751 3 2 11 2 700 719 720 701
752 3 2 11 2 701 720 721 702
753 3 2 11 2 702 721 722 703
754 3 2 11 2 703 722 723 704
755 3 2 11 2 704 723 724 705
756 3 2 11 2 705 724 725 706
757 3 2 11 2 706 725 726 707
758 3 2 11 2 707 726 727 708
759 3 2 11 2 708 727 728 709
760 3 2 11 2 709 728 90 91
761 3 2 11 2 56 57 729 710
762 3 2 11 2 710 729 730 711
763 3 2 11 2 711 730 731 712
764 3 2 11 2 712 731 732 713
765 3 2 11 2 713 732 733 714
766 3 2 11 2 714 733 734 715
767 3 2 11 2 715 734 735 716
768 3 2 11 2 716 735 736 717
769 3 2 11 2 717 736 737 718
770 3 2 11 2 718 737 738 719
771 3 2 11 2 719 738 739 720
772 3 2 11 2 720 739 740 721
773 3 2 11 2 721 740 741 722
774 3 2 11 2 722 741 742 723
775 3 2 11 2 723 742 743 724
776 3 2 11 2 724 743 744 725
777 3 2 11 2 725 744 745 726
778 3 2 11 2 726 745 746 727
779 3 2 11 2 727 746 747 728
780 3 2 11 2 728 747 89 90
781 3 2 11 2 57 58 748 729
782 3 2 11 2 729 748 749 730
783 3 2 11 2 730 749 750 731
784 3 2 11 2 731 750 751 732
785 3 2 11 2 732 751 752 733
786 3 2 11 2 733 752 753 734
787 3 2 11 2 734 753 754 735
788 3 2 11 2 735 754 755 736
789 3 2 11 2 736 755 756 737
790 3 2 11 2 737 756 757 738
791 3 2 11 2 738 757 758 739
792 3 2 11 2 739 758 759 740
793 3 2 11 2 740 759 760 741
794 3 2 11 2 741 760 761 742
795 3 2 11 2 742 761 762 743
796 3 2 11 2 743 762 763 744
797 3 2 11 2 744 763 764 745
798 3 2 11 2 745 764 765 746
799 3 2 11 2 746 765 766 747
800 3 2 11 2 747 766 88 89
801 3 2 11 2 58 59 767 748
802 3 2 11 2 748 767 768 749
803 3 2 11 2 749 768 769 750
804 3 2 11 2 750 769 770 751
805 3 2 11 2 751 770 771 752
806 3 2 11 2 752 771 772 753
807 3 2 11 2 753 772 773 754
808 3 2 11 2 754 773 774 755
809 3 2 11 2 755 774 775 756
810 3 2 11 2 756 775 776 757
811 3 2 11 2 757 776 777 758
812 3 2 11 2 758 777 778 759
813 3 2 11 2 759 778 779 760
814 3 2 11 2 760 779 780 761
815 3 2 11 2 761 780 781 762
816 3 2 11 2 762 781 782 763
817 3 2 11 2 763 782 783 764
818 3 2 11 2 764 783 784 765
819 3 2 11 2 765 784 785 766
820 3 2 11 2 766 785 87 88
821 3 2 11 2 59 60 786 767
822 3 2 11 2 767 786 787 768
823 3 2 11 2 768 787 788 769
824 3 2 11 2 769 788 789 770
825 3 2 11 2 770 789 790 771
826 3 2 11 2 771 790 791 772
827 3 2 11 2 772 791 792 773
828 3 2 11 2 773 792 793 774
829 3 2 11 2 774 793 794 775
830 3 2 11 2 775 794 795 776
831 3 2 11 2 776 795 796 777
832 3 2 11 2 777 796 797 778
833 3 2 11 2 778 797 798 779
834 3 2 11 2 779 798 799 780
835 3 2 11 2 780 799 800 781
836 3 2 11 2 781 800 801 782
837 3 2 11 2 782 801 802 783
838 3 2 11 2 783 802 803 784
839 3 2 11 2 784 803 804 785
840 3 2 11 2 785 804 86 87
841 3 2 11 2 60 61 805 786
842 3 2 11 2 786 805 806 787
843 3 2 11 2 787 806 807 788
844 3 2 11 2 788 807 808 789
845 3 2 11 2 789 808 809 790
846 3 2 11 2 790 809 810 791
847 3 2 11 2 791 810 811 792
848 3 2 11 2 792 811 812 793
849 3 2 11 2 793 812 813 794
850 3 2 11 2 794 813 814 795
851 3 2 11 2 795 814 815 796
852 3 2 11 2 796 815 816 797
853 3 2 11 2 797 816 817 798
854 3 2 11 2 798 817 818 799
855 3 2 11 2 799 818 819 800
856 3 2 11 2 800 819 820 801
857 3 2 11 2 801 820 821 802
858 3 2 11 2 802 821 822 803
859 3 2 11 2 803 822 823 804
860 3 2 11 2 804 823 85 86
861 3 2 11 2 61 62 824 805
862 3 2 11 2 805 824 825 806
863 3 2 11 2 806 825 826 807
864 3 2 11 2 807 826 827 808
865 3 2 11 2 808 827 828 809
866 3 2 11 2 809 828 829 810
867 3 2 11 2 810 829 830 811
868 3 2 11 2 811 830 831 812
869 3 2 11 2 812 831 832 813
870 3 2 11 2 813 832 833 814
871 3 2 11 2 814 833 834 815
872 3 2 11 2 815 834 835 816
873 3 2 11 2 816 835 836 817
874 3 2 11 2 817 836 837 818
875 3 2 11 2 818 837 838 819
876 3 2 11 2 819 838 839 820
877 3 2 11 2 820 839 840 821
878 3 2 11 2 821 840 841 822
879 3 2 11 2 822 841 842 823
880 3 2 11 2 823 842 84 85
881 3 2 11 2 62 63 843 824
882 3 2 11 2 824 843 844 825
883 3 2 11 2 825 844 845 826
884 3 2 11 2 826 845 846 827
885 3 2 11 2 827 846 847 828
886 3 2 11 2 828 847 848 829
887 3 2 11 2 829 848 849 830
888 3 2 11 2 830 849 850 831
889 3 2 11 2 831 850 851 832
890 3 2 11 2 832 851 852 833
891 3 2 11 2 833 852 853 834
892 3 2 11 2 834 853 854 835
893 3 2 11 2 835 854 855 836
894 3 2 11 2 836 855 856 837
895 3 2 11 2 837 856 857 838
896 3 2 11 2 838 857 858 839
897 3 2 11 2 839 858 859 840
898 3 2 11 2 840 859 860 841
899 3 2 11 2 841 860 861 842
900 3 2 11 2 842 861 83 84
901 3 2 11 2 63 4 64 843
902 3 2 11 2 843 64 65 844
903 3 2 11 2 844 65 66 845
904 3 2 11 2 845 66 67 846
905 3 2 11 2 846 67 68 847
906 3 2 11 2 847 68 69 848
907 3 2 11 2 848 69 70 849
908 3 2 11 2 849 70 71 850
909 3 2 11 2 850 71 72 851
910 3 2 11 2 851 72 73 852
911 3 2 11 2 852 73 74 853
912 3 2 11 2 853 74 75 854
913 3 2 11 2 854 75 76 855
914 3 2 11 2 855 76 77 856
915 3 2 11 2 856 77 78 857
916 3 2 11 2 857 78 79 858
917 3 2 11 2 858 79 80 859
918 3 2 11 2 859 80 81 860
919 3 2 11 2 860 81 82 861
920 3 2 11 2 861 82 5 83
$EndElements
