$MeshFormat
2.2 0 8
$EndMeshFormat
$PhysicalNames
4
1 8 "adb"
1 9 "cold"
1 10 "hot"
2 11 "area"
$EndPhysicalNames
$Nodes
66
1 0 0 0
2 2 0 0
3 2 1 0
4 5 1 0
5 5 3 0
6 0 3 0
7 0.4 0 0
8 0.8 0 0
9 1.2 0 0
10 1.6 0 0
11 2 0.2 0
12 2 0.4 0
13 2 0.6000000000000001 0
14 2 0.8 0
15 2.6 1 0
16 3.2 1 0
17 3.8 1 0
18 4.4 1 0
19 5 1.4 0
20 5 1.8 0
21 5 2.2 0
22 5 2.6 0
23 4 3 0
24 3 3 0
25 2 3 0
26 1 3 0
27 0 2.4 0
28 0 1.8 0
29 0 1.2 0
30 0 0.5999999999999996 0
31 1.599999999999999 1.400000000000001 0
32 1.199999999999998 1.800000000000002 0
33 0.7999999999999985 2.200000000000002 0
34 0.3999999999999992 2.600000000000001 0
35 0.3999999999999999 0.5200000000000001 0
36 0.3999999999999997 1.04 0
37 0.3999999999999995 1.56 0
38 0.3999999999999994 2.080000000000001 0
39 0.7999999999999998 0.4400000000000003 0
40 0.7999999999999996 0.8800000000000003 0
41 0.7999999999999994 1.320000000000001 0
42 0.799999999999999 1.760000000000001 0
43 1.2 0.3600000000000002 0
44 1.2 0.7200000000000002 0
45 1.2 1.080000000000001 0
46 1.199999999999999 1.440000000000001 0
47 1.6 0.2800000000000001 0
48 1.6 0.5600000000000003 0
49 1.6 0.8400000000000003 0
50 1.599999999999999 1.120000000000001 0
51 2.279999999999999 1.4 0
52 1.959999999999999 1.800000000000001 0
53 1.639999999999999 2.200000000000001 0
54 1.319999999999999 2.600000000000001 0
55 2.96 1.4 0
56 2.719999999999999 1.800000000000001 0
57 2.479999999999999 2.200000000000001 0
58 2.239999999999999 2.600000000000001 0
59 3.64 1.4 0
60 3.48 1.8 0
61 3.319999999999999 2.200000000000001 0
62 3.16 2.600000000000001 0
63 4.32 1.4 0
64 4.239999999999999 1.8 0
65 4.159999999999999 2.2 0
66 4.08 2.6 0
$EndNodes
$Elements
80
1 1 2 8 1 1 7
2 1 2 8 1 7 8
3 1 2 8 1 8 9
4 1 2 8 1 9 10
5 1 2 8 1 10 2
6 1 2 9 2 2 11
7 1 2 9 2 11 12
8 1 2 9 2 12 13
9 1 2 9 2 13 14
10 1 2 9 2 14 3
11 1 2 9 3 3 15
12 1 2 9 3 15 16
13 1 2 9 3 16 17
14 1 2 9 3 17 18
15 1 2 9 3 18 4
16 1 2 8 4 4 19
17 1 2 8 4 19 20
18 1 2 8 4 20 21
19 1 2 8 4 21 22
20 1 2 8 4 22 5
21 1 2 10 5 5 23
22 1 2 10 5 23 24
23 1 2 10 5 24 25
24 1 2 10 5 25 26
25 1 2 10 5 26 6
26 1 2 8 6 6 27
27 1 2 8 6 27 28
28 1 2 8 6 28 29
29 1 2 8 6 29 30
30 1 2 8 6 30 1
31 3 2 11 1 1 7 35 30
32 3 2 11 1 30 35 36 29
33 3 2 11 1 29 36 37 28
34 3 2 11 1 28 37 38 27
35 3 2 11 1 27 38 34 6
36 3 2 11 1 7 8 39 35
37 3 2 11 1 35 39 40 36
38 3 2 11 1 36 40 41 37
39 3 2 11 1 37 41 42 38
40 3 2 11 1 38 42 33 34
41 3 2 11 1 8 9 43 39
42 3 2 11 1 39 43 44 40
43 3 2 11 1 40 44 45 41
44 3 2 11 1 41 45 46 42
45 3 2 11 1 42 46 32 33
46 3 2 11 1 9 10 47 43
47 3 2 11 1 43 47 48 44
48 3 2 11 1 44 48 49 45
49 3 2 11 1 45 49 50 46
50 3 2 11 1 46 50 31 32
51 3 2 11 1 10 2 11 47
52 3 2 11 1 47 11 12 48
53 3 2 11 1 48 12 13 49
54 3 2 11 1 49 13 14 50
55 3 2 11 1 50 14 3 31
56 3 2 11 2 3 15 51 31
57 3 2 11 2 31 51 52 32
58 3 2 11 2 32 52 53 33
59 3 2 11 2 33 53 54 34
60 3 2 11 2 34 54 26 6
61 3 2 11 2 15 16 55 51
62 3 2 11 2 51 55 56 52
63 3 2 11 2 52 56 57 53
64 3 2 11 2 53 57 58 54
65 3 2 11 2 54 58 25 26
66 3 2 11 2 16 17 59 55
67 3 2 11 2 55 59 60 56
68 3 2 11 2 56 60 61 57
69 3 2 11 2 57 61 62 58
70 3 2 11 2 58 62 24 25
71 3 2 11 2 17 18 63 59
72 3 2 11 2 59 63 64 60
73 3 2 11 2 60 64 65 61
74 3 2 11 2 61 65 66 62
75 3 2 11 2 62 66 23 24
76 3 2 11 2 18 4 19 63
77 3 2 11 2 63 19 20 64
78 3 2 11 2 64 20 21 65
79 3 2 11 2 65 21 22 66
80 3 2 11 2 66 22 5 23
$EndElements
