$MeshFormat
2.2 0 8
$EndMeshFormat
$PhysicalNames
4
1 8 "adb"
1 9 "cold"
1 10 "hot"
2 11 "area"
$EndPhysicalNames
$Nodes
231
1 0 0 0
2 2 0 0
3 2 1 0
4 5 1 0
5 5 3 0
6 0 3 0
7 0.2 0 0
8 0.4 0 0
9 0.6000000000000001 0 0
10 0.8 0 0
11 1 0 0
12 1.2 0 0
13 1.4 0 0
14 1.6 0 0
15 1.8 0 0
16 2 0.1 0
17 2 0.2 0
18 2 0.3 0
19 2 0.4 0
20 2 0.5 0
21 2 0.6000000000000001 0
22 2 0.7000000000000001 0
23 2 0.8 0
24 2 0.9 0
25 2.3 1 0
26 2.6 1 0
27 2.9 1 0
28 3.2 1 0
29 3.5 1 0
30 3.8 1 0
31 4.1 1 0
32 4.4 1 0
33 4.7 1 0
34 5 1.2 0
35 5 1.4 0
36 5 1.6 0
37 5 1.8 0
38 5 2 0
39 5 2.2 0
40 5 2.4 0
41 5 2.6 0
42 5 2.8 0
43 4.5 3 0
44 4 3 0
45 3.5 3 0
46 3 3 0
47 2.5 3 0
48 2 3 0
49 1.5 3 0
50 1 3 0
51 0.5 3 0
52 0 2.7 0
53 0 2.4 0
54 0 2.1 0
55 0 1.8 0
56 0 1.5 0
57 0 1.2 0
58 0 0.8999999999999999 0
59 0 0.5999999999999996 0
60 0 0.2999999999999998 0
61 1.8 1.2 0
62 1.599999999999999 1.400000000000001 0
63 1.399999999999999 1.600000000000001 0
64 1.199999999999998 1.800000000000002 0
65 0.9999999999999984 2.000000000000002 0
66 0.7999999999999985 2.200000000000002 0
67 0.5999999999999992 2.400000000000001 0
68 0.3999999999999992 2.600000000000001 0
69 0.1999999999999993 2.800000000000001 0
70 0.2000000000000001 0.2799999999999999 0
71 0.2000000000000001 0.5599999999999998 0
72 0.2 0.84 0
73 0.2 1.12 0
74 0.2 1.4 0
75 0.1999999999999998 1.68 0
76 0.1999999999999997 1.96 0
77 0.1999999999999996 2.24 0
78 0.1999999999999995 2.52 0
79 0.4 0.2599999999999998 0
80 0.3999999999999999 0.5199999999999999 0
81 0.3999999999999997 0.78 0
82 0.3999999999999997 1.04 0
83 0.3999999999999997 1.3 0
84 0.3999999999999996 1.56 0
85 0.3999999999999995 1.820000000000001 0
86 0.3999999999999994 2.080000000000001 0
87 0.3999999999999991 2.340000000000001 0
88 0.5999999999999999 0.24 0
89 0.5999999999999998 0.4800000000000001 0
90 0.5999999999999996 0.7200000000000002 0
91 0.5999999999999996 0.9600000000000003 0
92 0.5999999999999994 1.2 0
93 0.5999999999999993 1.440000000000001 0
94 0.5999999999999992 1.680000000000001 0
95 0.5999999999999991 1.920000000000001 0
96 0.5999999999999989 2.160000000000001 0
97 0.7999999999999999 0.2200000000000001 0
98 0.7999999999999997 0.4400000000000002 0
99 0.7999999999999996 0.6600000000000003 0
100 0.7999999999999995 0.8800000000000003 0
101 0.7999999999999994 1.100000000000001 0
102 0.7999999999999992 1.320000000000001 0
103 0.799999999999999 1.540000000000001 0
104 0.7999999999999988 1.760000000000001 0
105 0.7999999999999986 1.980000000000001 0
106 1 0.2 0
107 0.9999999999999998 0.4000000000000001 0
108 0.9999999999999996 0.6000000000000002 0
109 0.9999999999999994 0.8000000000000004 0
110 0.9999999999999993 1.000000000000001 0
111 0.9999999999999991 1.200000000000001 0
112 0.9999999999999989 1.400000000000001 0
113 0.9999999999999988 1.600000000000001 0
114 0.9999999999999986 1.800000000000001 0
115 1.2 0.1799999999999997 0
116 1.2 0.3600000000000001 0
117 1.2 0.5400000000000001 0
118 1.2 0.7200000000000003 0
119 1.199999999999999 0.9000000000000006 0
120 1.199999999999999 1.080000000000001 0
121 1.199999999999999 1.260000000000001 0
122 1.199999999999999 1.440000000000001 0
123 1.199999999999999 1.620000000000001 0
124 1.4 0.1599999999999999 0
125 1.4 0.32 0
126 1.4 0.48 0
127 1.399999999999999 0.6400000000000002 0
128 1.399999999999999 0.8000000000000005 0
129 1.399999999999999 0.9600000000000006 0
130 1.399999999999999 1.120000000000001 0
131 1.399999999999999 1.280000000000001 0
132 1.399999999999999 1.440000000000001 0
133 1.6 0.1399999999999999 0
134 1.6 0.28 0
135 1.6 0.42 0
136 1.6 0.5600000000000003 0
137 1.6 0.7000000000000003 0
138 1.6 0.8400000000000004 0
139 1.599999999999999 0.9800000000000005 0
140 1.599999999999999 1.120000000000001 0
141 1.599999999999999 1.260000000000001 0
142 1.8 0.1199999999999999 0
143 1.8 0.2400000000000001 0
144 1.8 0.3600000000000001 0
145 1.8 0.48 0
146 1.8 0.6000000000000001 0
147 1.8 0.7200000000000002 0
148 1.8 0.8400000000000003 0
149 1.8 0.9600000000000004 0
150 1.8 1.08 0
151 2.12 1.2 0
152 1.939999999999999 1.400000000000001 0
153 1.759999999999999 1.600000000000001 0
154 1.579999999999999 1.800000000000001 0
155 1.399999999999999 2.000000000000001 0
156 1.219999999999998 2.200000000000002 0
157 1.039999999999998 2.400000000000001 0
158 0.8599999999999985 2.600000000000001 0
159 0.6799999999999988 2.800000000000001 0
160 2.44 1.2 0
161 2.279999999999999 1.400000000000001 0
162 2.119999999999999 1.600000000000001 0
163 1.959999999999999 1.800000000000001 0
164 1.799999999999999 2.000000000000001 0
165 1.639999999999999 2.200000000000001 0
166 1.479999999999999 2.400000000000001 0
167 1.319999999999999 2.600000000000001 0
168 1.159999999999999 2.800000000000001 0
169 2.76 1.2 0
170 2.62 1.4 0
171 2.479999999999999 1.600000000000001 0
172 2.339999999999999 1.800000000000001 0
173 2.199999999999999 2.000000000000001 0
174 2.059999999999999 2.200000000000001 0
175 1.919999999999999 2.400000000000001 0
176 1.779999999999999 2.600000000000001 0
177 1.639999999999999 2.800000000000001 0
178 3.08 1.2 0
179 2.96 1.4 0
180 2.839999999999999 1.600000000000001 0
181 2.719999999999999 1.800000000000001 0
182 2.599999999999999 2.000000000000001 0
183 2.479999999999999 2.200000000000001 0
184 2.359999999999999 2.400000000000001 0
185 2.239999999999999 2.600000000000001 0
186 2.119999999999999 2.800000000000001 0
187 3.4 1.2 0
188 3.3 1.4 0
189 3.199999999999999 1.600000000000001 0
190 3.099999999999999 1.800000000000001 0
191 2.999999999999999 2.000000000000001 0
192 2.899999999999999 2.200000000000001 0
193 2.799999999999999 2.400000000000001 0
194 2.699999999999999 2.600000000000001 0
195 2.6 2.800000000000001 0
196 3.72 1.2 0
197 3.64 1.4 0
198 3.56 1.600000000000001 0
199 3.48 1.800000000000001 0
200 3.399999999999999 2.000000000000001 0
201 3.319999999999999 2.200000000000001 0
202 3.239999999999999 2.4 0
203 3.159999999999999 2.600000000000001 0
204 3.08 2.800000000000001 0
205 4.039999999999999 1.2 0
206 3.98 1.4 0
207 3.919999999999999 1.600000000000001 0
208 3.859999999999999 1.800000000000001 0
209 3.799999999999999 2 0
210 3.74 2.200000000000001 0
211 3.68 2.4 0
212 3.62 2.600000000000001 0
213 3.56 2.8 0
214 4.359999999999999 1.2 0
215 4.319999999999999 1.4 0
216 4.279999999999999 1.600000000000001 0
217 4.239999999999999 1.8 0
218 4.199999999999999 2 0
219 4.16 2.2 0
220 4.12 2.4 0
221 4.08 2.600000000000001 0
222 4.039999999999999 2.8 0
223 4.679999999999999 1.2 0
224 4.659999999999999 1.4 0
225 4.639999999999999 1.6 0
226 4.619999999999999 1.8 0
227 4.6 2 0
228 4.58 2.2 0
229 4.56 2.4 0
230 4.54 2.6 0
231 4.52 2.8 0
$EndNodes
$Elements
260
1 1 2 8 1 1 7
2 1 2 8 1 7 8
3 1 2 8 1 8 9
4 1 2 8 1 9 10
5 1 2 8 1 10 11
6 1 2 8 1 11 12
7 1 2 8 1 12 13
8 1 2 8 1 13 14
9 1 2 8 1 14 15
10 1 2 8 1 15 2
11 1 2 9 2 2 16
12 1 2 9 2 16 17
13 1 2 9 2 17 18
14 1 2 9 2 18 19
15 1 2 9 2 19 20
16 1 2 9 2 20 21
17 1 2 9 2 21 22
18 1 2 9 2 22 23
19 1 2 9 2 23 24
20 1 2 9 2 24 3
21 1 2 9 3 3 25
22 1 2 9 3 25 26
23 1 2 9 3 26 27
24 1 2 9 3 27 28
25 1 2 9 3 28 29
26 1 2 9 3 29 30
27 1 2 9 3 30 31
28 1 2 9 3 31 32
29 1 2 9 3 32 33
30 1 2 9 3 33 4
31 1 2 8 4 4 34
32 1 2 8 4 34 35
33 1 2 8 4 35 36
34 1 2 8 4 36 37
35 1 2 8 4 37 38
36 1 2 8 4 38 39
37 1 2 8 4 39 40
38 1 2 8 4 40 41
39 1 2 8 4 41 42
40 1 2 8 4 42 5
41 1 2 10 5 5 43
42 1 2 10 5 43 44
43 1 2 10 5 44 45
44 1 2 10 5 45 46
45 1 2 10 5 46 47
46 1 2 10 5 47 48
47 1 2 10 5 48 49
48 1 2 10 5 49 50
49 1 2 10 5 50 51
50 1 2 10 5 51 6
51 1 2 8 6 6 52
52 1 2 8 6 52 53
53 1 2 8 6 53 54
54 1 2 8 6 54 55
55 1 2 8 6 55 56
56 1 2 8 6 56 57
57 1 2 8 6 57 58
58 1 2 8 6 58 59
59 1 2 8 6 59 60
60 1 2 8 6 60 1
61 3 2 11 1 1 7 70 60
62 3 2 11 1 60 70 71 59
63 3 2 11 1 59 71 72 58
64 3 2 11 1 58 72 73 57
65 3 2 11 1 57 73 74 56
66 3 2 11 1 56 74 75 55
67 3 2 11 1 55 75 76 54
68 3 2 11 1 54 76 77 53
69 3 2 11 1 53 77 78 52
70 3 2 11 1 52 78 69 6
71 3 2 11 1 7 8 79 70
72 3 2 11 1 70 79 80 71
73 3 2 11 1 71 80 81 72
74 3 2 11 1 72 81 82 73
75 3 2 11 1 73 82 83 74
76 3 2 11 1 74 83 84 75
77 3 2 11 1 75 84 85 76
78 3 2 11 1 76 85 86 77
79 3 2 11 1 77 86 87 78
80 3 2 11 1 78 87 68 69
81 3 2 11 1 8 9 88 79
82 3 2 11 1 79 88 89 80
83 3 2 11 1 80 89 90 81
84 3 2 11 1 81 90 91 82
85 3 2 11 1 82 91 92 83
86 3 2 11 1 83 92 93 84
87 3 2 11 1 84 93 94 85
88 3 2 11 1 85 94 95 86
89 3 2 11 1 86 95 96 87
90 3 2 11 1 87 96 67 68
91 3 2 11 1 9 10 97 88
92 3 2 11 1 88 97 98 89
93 3 2 11 1 89 98 99 90
94 3 2 11 1 90 99 100 91
95 3 2 11 1 91 100 101 92
96 3 2 11 1 92 101 102 93
97 3 2 11 1 93 102 103 94
98 3 2 11 1 94 103 104 95
99 3 2 11 1 95 104 105 96
100 3 2 11 1 96 105 66 67
101 3 2 11 1 10 11 106 97
102 3 2 11 1 97 106 107 98
103 3 2 11 1 98 107 108 99
104 3 2 11 1 99 108 109 100
105 3 2 11 1 100 109 110 101
106 3 2 11 1 101 110 111 102
107 3 2 11 1 102 111 112 103
108 3 2 11 1 103 112 113 104
109 3 2 11 1 104 113 114 105
110 3 2 11 1 105 114 65 66
111 3 2 11 1 11 12 115 106
112 3 2 11 1 106 115 116 107
113 3 2 11 1 107 116 117 108
114 3 2 11 1 108 117 118 109
115 3 2 11 1 109 118 119 110
116 3 2 11 1 110 119 120 111
117 3 2 11 1 111 120 121 112
118 3 2 11 1 112 121 122 113
119 3 2 11 1 113 122 123 114
120 3 2 11 1 114 123 64 65
121 3 2 11 1 12 13 124 115
122 3 2 11 1 115 124 125 116
123 3 2 11 1 116 125 126 117
124 3 2 11 1 117 126 127 118
125 3 2 11 1 118 127 128 119
126 3 2 11 1 119 128 129 120
127 3 2 11 1 120 129 130 121
128 3 2 11 1 121 130 131 122
129 3 2 11 1 122 131 132 123
130 3 2 11 1 123 132 63 64
131 3 2 11 1 13 14 133 124
132 3 2 11 1 124 133 134 125
133 3 2 11 1 125 134 135 126
134 3 2 11 1 126 135 136 127
135 3 2 11 1 127 136 137 128
136 3 2 11 1 128 137 138 129
137 3 2 11 1 129 138 139 130
138 3 2 11 1 130 139 140 131
139 3 2 11 1 131 140 141 132
140 3 2 11 1 132 141 62 63
141 3 2 11 1 14 15 142 133
142 3 2 11 1 133 142 143 134
143 3 2 11 1 134 143 144 135
144 3 2 11 1 135 144 145 136
145 3 2 11 1 136 145 146 137
146 3 2 11 1 137 146 147 138
147 3 2 11 1 138 147 148 139
148 3 2 11 1 139 148 149 140
149 3 2 11 1 140 149 150 141
150 3 2 11 1 141 150 61 62
151 3 2 11 1 15 2 16 142
152 3 2 11 1 142 16 17 143
153 3 2 11 1 143 17 18 144
154 3 2 11 1 144 18 19 145
155 3 2 11 1 145 19 20 146
156 3 2 11 1 146 20 21 147
157 3 2 11 1 147 21 22 148
158 3 2 11 1 148 22 23 149
159 3 2 11 1 149 23 24 150
160 3 2 11 1 150 24 3 61
161 3 2 11 2 3 25 151 61
162 3 2 11 2 61 151 152 62
163 3 2 11 2 62 152 153 63
164 3 2 11 2 63 153 154 64
165 3 2 11 2 64 154 155 65
166 3 2 11 2 65 155 156 66
167 3 2 11 2 66 156 157 67
168 3 2 11 2 67 157 158 68
169 3 2 11 2 68 158 159 69
170 3 2 11 2 69 159 51 6
171 3 2 11 2 25 26 160 151
172 3 2 11 2 151 160 161 152
173 3 2 11 2 152 161 162 153
174 3 2 11 2 153 162 163 154
175 3 2 11 2 154 163 164 155
176 3 2 11 2 155 164 165 156
177 3 2 11 2 156 165 166 157
178 3 2 11 2 157 166 167 158
179 3 2 11 2 158 167 168 159
180 3 2 11 2 159 168 50 51
181 3 2 11 2 26 27 169 160
182 3 2 11 2 160 169 170 161
183 3 2 11 2 161 170 171 162
184 3 2 11 2 162 171 172 163
185 3 2 11 2 163 172 173 164
186 3 2 11 2 164 173 174 165
187 3 2 11 2 165 174 175 166
188 3 2 11 2 166 175 176 167
189 3 2 11 2 167 176 177 168
190 3 2 11 2 168 177 49 50
191 3 2 11 2 27 28 178 169
192 3 2 11 2 169 178 179 170
193 3 2 11 2 170 179 180 171
194 3 2 11 2 171 180 181 172
195 3 2 11 2 172 181 182 173
196 3 2 11 2 173 182 183 174
197 3 2 11 2 174 183 184 175
198 3 2 11 2 175 184 185 176
199 3 2 11 2 176 185 186 177
200 3 2 11 2 177 186 48 49
201 3 2 11 2 28 29 187 178
202 3 2 11 2 178 187 188 179
203 3 2 11 2 179 188 189 180
204 3 2 11 2 180 189 190 181
205 3 2 11 2 181 190 191 182
206 3 2 11 2 182 191 192 183
207 3 2 11 2 183 192 193 184
208 3 2 11 2 184 193 194 185
209 3 2 11 2 185 194 195 186
210 3 2 11 2 186 195 47 48
211 3 2 11 2 29 30 196 187
212 3 2 11 2 187 196 197 188
213 3 2 11 2 188 197 198 189
214 3 2 11 2 189 198 199 190
215 3 2 11 2 190 199 200 191
216 3 2 11 2 191 200 201 192
217 3 2 11 2 192 201 202 193
218 3 2 11 2 193 202 203 194
219 3 2 11 2 194 203 204 195
220 3 2 11 2 195 204 46 47
221 3 2 11 2 30 31 205 196
222 3 2 11 2 196 205 206 197
223 3 2 11 2 197 206 207 198
224 3 2 11 2 198 207 208 199
225 3 2 11 2 199 208 209 200
226 3 2 11 2 200 209 210 201
227 3 2 11 2 201 210 211 202
228 3 2 11 2 202 211 212 203
229 3 2 11 2 203 212 213 204
230 3 2 11 2 204 213 45 46
231 3 2 11 2 31 32 214 205
232 3 2 11 2 205 214 215 206
233 3 2 11 2 206 215 216 207
234 3 2 11 2 207 216 217 208
235 3 2 11 2 208 217 218 209
236 3 2 11 2 209 218 219 210
237 3 2 11 2 210 219 220 211
238 3 2 11 2 211 220 221 212
239 3 2 11 2 212 221 222 213
240 3 2 11 2 213 222 44 45
241 3 2 11 2 32 33 223 214
242 3 2 11 2 214 223 224 215
243 3 2 11 2 215 224 225 216
244 3 2 11 2 216 225 226 217
245 3 2 11 2 217 226 227 218
246 3 2 11 2 218 227 228 219
247 3 2 11 2 219 228 229 220
248 3 2 11 2 220 229 230 221
249 3 2 11 2 221 230 231 222
250 3 2 11 2 222 231 43 44
251 3 2 11 2 33 4 34 223
252 3 2 11 2 223 34 35 224
253 3 2 11 2 224 35 36 225
254 3 2 11 2 225 36 37 226
255 3 2 11 2 226 37 38 227
256 3 2 11 2 227 38 39 228
257 3 2 11 2 228 39 40 229
258 3 2 11 2 229 40 41 230
259 3 2 11 2 230 41 42 231
260 3 2 11 2 231 42 5 43
$EndElements
