$MeshFormat
2.2 0 8
$EndMeshFormat
$PhysicalNames
4
1 8 "adb"
1 9 "cold"
1 10 "hot"
2 11 "area"
$EndPhysicalNames
$Nodes
496
1 0 0 0
2 2 0 0
3 2 1 0
4 5 1 0
5 5 3 0
6 0 3 0
7 0.1333333333333333 0 0
8 0.2666666666666667 0 0
9 0.4 0 0
10 0.5333333333333333 0 0
11 0.6666666666666666 0 0
12 0.8 0 0
13 0.9333333333333333 0 0
14 1.066666666666667 0 0
15 1.2 0 0
16 1.333333333333333 0 0
17 1.466666666666667 0 0
18 1.6 0 0
19 1.733333333333333 0 0
20 1.866666666666667 0 0
21 2 0.06666666666666667 0
22 2 0.1333333333333333 0
23 2 0.2 0
24 2 0.2666666666666667 0
25 2 0.3333333333333333 0
26 2 0.4 0
27 2 0.4666666666666667 0
28 2 0.5333333333333333 0
29 2 0.6 0
30 2 0.6666666666666666 0
31 2 0.7333333333333333 0
32 2 0.8 0
33 2 0.8666666666666667 0
34 2 0.9333333333333333 0
35 2.2 1 0
36 2.4 1 0
37 2.6 1 0
38 2.8 1 0
39 3 1 0
40 3.2 1 0
41 3.4 1 0
42 3.6 1 0
43 3.8 1 0
44 4 1 0
45 4.199999999999999 1 0
46 4.4 1 0
47 4.6 1 0
48 4.8 1 0
49 5 1.133333333333333 0
50 5 1.266666666666667 0
51 5 1.4 0
52 5 1.533333333333333 0
53 5 1.666666666666667 0
54 5 1.8 0
55 5 1.933333333333333 0
56 5 2.066666666666666 0
57 5 2.2 0
58 5 2.333333333333333 0
59 5 2.466666666666667 0
60 5 2.6 0
61 5 2.733333333333333 0
62 5 2.866666666666667 0
63 4.666666666666667 3 0
64 4.333333333333333 3 0
65 4 3 0
66 3.666666666666667 3 0
67 3.333333333333333 3 0
68 3 3 0
69 2.666666666666667 3 0
70 2.333333333333333 3 0
71 2 3 0
72 1.666666666666667 3 0
73 1.333333333333333 3 0
74 1 3 0
75 0.6666666666666661 3 0
76 0.333333333333333 3 0
77 0 2.8 0
78 0 2.6 0
79 0 2.4 0
80 0 2.2 0
81 0 2 0
82 0 1.8 0
83 0 1.6 0
84 0 1.4 0
85 0 1.2 0
86 0 1 0
87 0 0.8000000000000003 0
88 0 0.5999999999999996 0
89 0 0.3999999999999999 0
90 0 0.2000000000000002 0
91 1.866666666666666 1.133333333333334 0
92 1.733333333333333 1.266666666666667 0
93 1.599999999999999 1.400000000000001 0
94 1.466666666666665 1.533333333333335 0
95 1.333333333333332 1.666666666666668 0
96 1.199999999999998 1.800000000000002 0
97 1.066666666666665 1.933333333333335 0
98 0.9333333333333318 2.066666666666668 0
99 0.7999999999999985 2.200000000000002 0
100 0.6666666666666656 2.333333333333334 0
101 0.5333333333333323 2.466666666666668 0
102 0.3999999999999992 2.600000000000001 0
103 0.2666666666666662 2.733333333333334 0
104 0.1333333333333326 2.866666666666667 0
105 0.1333333333333334 0.191111111111111 0
106 0.1333333333333334 0.3822222222222222 0
107 0.1333333333333334 0.5733333333333333 0
108 0.1333333333333334 0.7644444444444445 0
109 0.1333333333333333 0.9555555555555557 0
110 0.1333333333333332 1.146666666666667 0
111 0.1333333333333332 1.337777777777778 0
112 0.1333333333333332 1.528888888888889 0
113 0.1333333333333332 1.72 0
114 0.1333333333333331 1.911111111111111 0
115 0.1333333333333331 2.102222222222222 0
116 0.133333333333333 2.293333333333334 0
117 0.1333333333333329 2.484444444444445 0
118 0.1333333333333327 2.675555555555556 0
119 0.2666666666666666 0.1822222222222223 0
120 0.2666666666666665 0.3644444444444445 0
121 0.2666666666666665 0.5466666666666667 0
122 0.2666666666666665 0.728888888888889 0
123 0.2666666666666664 0.9111111111111113 0
124 0.2666666666666664 1.093333333333334 0
125 0.2666666666666664 1.275555555555556 0
126 0.2666666666666664 1.457777777777778 0
127 0.2666666666666664 1.64 0
128 0.2666666666666663 1.822222222222223 0
129 0.2666666666666663 2.004444444444445 0
130 0.2666666666666662 2.186666666666667 0
131 0.2666666666666661 2.36888888888889 0
132 0.2666666666666659 2.551111111111112 0
133 0.3999999999999999 0.1733333333333333 0
134 0.3999999999999999 0.3466666666666667 0
135 0.3999999999999998 0.5200000000000002 0
136 0.3999999999999997 0.6933333333333336 0
137 0.3999999999999997 0.8666666666666669 0
138 0.3999999999999997 1.04 0
139 0.3999999999999996 1.213333333333334 0
140 0.3999999999999995 1.386666666666667 0
141 0.3999999999999994 1.56 0
142 0.3999999999999994 1.733333333333334 0
143 0.3999999999999994 1.906666666666667 0
144 0.3999999999999994 2.080000000000001 0
145 0.3999999999999993 2.253333333333335 0
146 0.3999999999999992 2.426666666666668 0
147 0.5333333333333332 0.1644444444444446 0
148 0.5333333333333332 0.328888888888889 0
149 0.5333333333333332 0.4933333333333336 0
150 0.533333333333333 0.6577777777777781 0
151 0.533333333333333 0.8222222222222226 0
152 0.5333333333333329 0.9866666666666671 0
153 0.5333333333333328 1.151111111111112 0
154 0.5333333333333328 1.315555555555556 0
155 0.5333333333333328 1.480000000000001 0
156 0.5333333333333325 1.644444444444445 0
157 0.5333333333333325 1.80888888888889 0
158 0.5333333333333324 1.973333333333334 0
159 0.5333333333333323 2.137777777777779 0
160 0.5333333333333323 2.302222222222223 0
161 0.6666666666666665 0.1555555555555554 0
162 0.6666666666666665 0.3111111111111112 0
163 0.6666666666666664 0.466666666666667 0
164 0.6666666666666663 0.6222222222222227 0
165 0.6666666666666662 0.7777777777777782 0
166 0.6666666666666661 0.933333333333334 0
167 0.6666666666666661 1.088888888888889 0
168 0.666666666666666 1.244444444444445 0
169 0.6666666666666659 1.400000000000001 0
170 0.6666666666666659 1.555555555555556 0
171 0.6666666666666656 1.711111111111112 0
172 0.6666666666666656 1.866666666666668 0
173 0.6666666666666655 2.022222222222223 0
174 0.6666666666666654 2.177777777777779 0
175 0.7999999999999999 0.1466666666666667 0
176 0.7999999999999998 0.2933333333333334 0
177 0.7999999999999997 0.4400000000000004 0
178 0.7999999999999996 0.5866666666666671 0
179 0.7999999999999995 0.7333333333333338 0
180 0.7999999999999994 0.8800000000000007 0
181 0.7999999999999994 1.026666666666667 0
182 0.7999999999999993 1.173333333333334 0
183 0.7999999999999992 1.320000000000001 0
184 0.799999999999999 1.466666666666668 0
185 0.7999999999999989 1.613333333333334 0
186 0.7999999999999988 1.760000000000001 0
187 0.7999999999999987 1.906666666666668 0
188 0.7999999999999986 2.053333333333335 0
189 0.9333333333333332 0.1377777777777778 0
190 0.9333333333333331 0.2755555555555557 0
191 0.9333333333333331 0.4133333333333336 0
192 0.9333333333333329 0.5511111111111116 0
193 0.9333333333333329 0.6888888888888894 0
194 0.9333333333333327 0.8266666666666673 0
195 0.9333333333333327 0.9644444444444451 0
196 0.9333333333333326 1.102222222222223 0
197 0.9333333333333325 1.240000000000001 0
198 0.9333333333333323 1.377777777777779 0
199 0.9333333333333322 1.515555555555557 0
200 0.933333333333332 1.653333333333335 0
201 0.933333333333332 1.791111111111112 0
202 0.9333333333333318 1.92888888888889 0
203 1.066666666666666 0.1288888888888888 0
204 1.066666666666666 0.2577777777777779 0
205 1.066666666666666 0.3866666666666668 0
206 1.066666666666666 0.5155555555555559 0
207 1.066666666666666 0.6444444444444448 0
208 1.066666666666666 0.7733333333333339 0
209 1.066666666666666 0.9022222222222229 0
210 1.066666666666666 1.031111111111112 0
211 1.066666666666666 1.160000000000001 0
212 1.066666666666666 1.28888888888889 0
213 1.066666666666666 1.417777777777779 0
214 1.066666666666666 1.546666666666668 0
215 1.066666666666666 1.675555555555557 0
216 1.066666666666665 1.804444444444446 0
217 1.2 0.1200000000000001 0
218 1.2 0.2400000000000002 0
219 1.2 0.3600000000000002 0
220 1.2 0.4800000000000003 0
221 1.2 0.6000000000000004 0
222 1.2 0.7200000000000004 0
223 1.199999999999999 0.8400000000000005 0
224 1.199999999999999 0.9600000000000006 0
225 1.199999999999999 1.080000000000001 0
226 1.199999999999999 1.200000000000001 0
227 1.199999999999999 1.320000000000001 0
228 1.199999999999999 1.440000000000001 0
229 1.199999999999999 1.560000000000001 0
230 1.199999999999999 1.680000000000001 0
231 1.333333333333333 0.1111111111111112 0
232 1.333333333333333 0.2222222222222221 0
233 1.333333333333333 0.3333333333333335 0
234 1.333333333333333 0.4444444444444448 0
235 1.333333333333333 0.5555555555555561 0
236 1.333333333333333 0.6666666666666672 0
237 1.333333333333333 0.7777777777777783 0
238 1.333333333333333 0.8888888888888895 0
239 1.333333333333332 1.000000000000001 0
240 1.333333333333332 1.111111111111112 0
241 1.333333333333332 1.222222222222223 0
242 1.333333333333332 1.333333333333334 0
243 1.333333333333332 1.444444444444446 0
244 1.333333333333332 1.555555555555557 0
245 1.466666666666667 0.1022222222222222 0
246 1.466666666666667 0.2044444444444444 0
247 1.466666666666666 0.3066666666666669 0
248 1.466666666666666 0.4088888888888893 0
249 1.466666666666666 0.5111111111111115 0
250 1.466666666666666 0.6133333333333338 0
251 1.466666666666666 0.7155555555555559 0
252 1.466666666666666 0.8177777777777783 0
253 1.466666666666666 0.9200000000000006 0
254 1.466666666666666 1.022222222222223 0
255 1.466666666666666 1.124444444444445 0
256 1.466666666666666 1.226666666666668 0
257 1.466666666666666 1.32888888888889 0
258 1.466666666666666 1.431111111111112 0
259 1.6 0.09333333333333327 0
260 1.6 0.1866666666666665 0
261 1.6 0.2800000000000002 0
262 1.6 0.3733333333333337 0
263 1.6 0.4666666666666669 0
264 1.6 0.5600000000000003 0
265 1.6 0.6533333333333338 0
266 1.599999999999999 0.746666666666667 0
267 1.599999999999999 0.8400000000000004 0
268 1.599999999999999 0.9333333333333338 0
269 1.599999999999999 1.026666666666667 0
270 1.599999999999999 1.120000000000001 0
271 1.599999999999999 1.213333333333334 0
272 1.599999999999999 1.306666666666668 0
273 1.733333333333333 0.0844444444444441 0
274 1.733333333333333 0.1688888888888886 0
275 1.733333333333333 0.2533333333333334 0
276 1.733333333333333 0.3377777777777781 0
277 1.733333333333333 0.4222222222222223 0
278 1.733333333333333 0.5066666666666668 0
279 1.733333333333333 0.5911111111111114 0
280 1.733333333333333 0.6755555555555557 0
281 1.733333333333333 0.7600000000000002 0
282 1.733333333333333 0.8444444444444448 0
283 1.733333333333333 0.9288888888888893 0
284 1.733333333333333 1.013333333333334 0
285 1.733333333333333 1.097777777777778 0
286 1.733333333333333 1.182222222222223 0
287 1.866666666666667 0.07555555555555515 0
288 1.866666666666667 0.151111111111111 0
289 1.866666666666667 0.2266666666666667 0
290 1.866666666666667 0.3022222222222224 0
291 1.866666666666667 0.3777777777777779 0
292 1.866666666666667 0.4533333333333334 0
293 1.866666666666667 0.528888888888889 0
294 1.866666666666667 0.6044444444444446 0
295 1.866666666666667 0.6800000000000002 0
296 1.866666666666667 0.7555555555555556 0
297 1.866666666666667 0.8311111111111111 0
298 1.866666666666667 0.906666666666667 0
299 1.866666666666667 0.9822222222222224 0
300 1.866666666666667 1.057777777777778 0
301 2.075555555555555 1.133333333333333 0
302 1.951111111111111 1.266666666666667 0
303 1.826666666666666 1.400000000000001 0
304 1.702222222222221 1.533333333333335 0
305 1.577777777777777 1.666666666666668 0
306 1.453333333333332 1.800000000000001 0
307 1.328888888888887 1.933333333333335 0
308 1.204444444444443 2.066666666666668 0
309 1.079999999999998 2.200000000000002 0
310 0.9555555555555537 2.333333333333335 0
311 0.8311111111111098 2.466666666666668 0
312 0.7066666666666657 2.600000000000001 0
313 0.5822222222222213 2.733333333333334 0
314 0.4577777777777774 2.866666666666667 0
315 2.284444444444444 1.133333333333333 0
316 2.168888888888889 1.266666666666667 0
317 2.053333333333333 1.400000000000001 0
318 1.937777777777777 1.533333333333334 0
319 1.822222222222221 1.666666666666668 0
320 1.706666666666665 1.800000000000001 0
321 1.59111111111111 1.933333333333335 0
322 1.475555555555554 2.066666666666668 0
323 1.359999999999998 2.200000000000002 0
324 1.244444444444443 2.333333333333334 0
325 1.128888888888887 2.466666666666668 0
326 1.013333333333332 2.600000000000001 0
327 0.8977777777777773 2.733333333333334 0
328 0.7822222222222219 2.866666666666667 0
329 2.493333333333333 1.133333333333333 0
330 2.386666666666666 1.266666666666667 0
331 2.279999999999999 1.400000000000001 0
332 2.173333333333332 1.533333333333334 0
333 2.066666666666666 1.666666666666668 0
334 1.959999999999999 1.800000000000001 0
335 1.853333333333332 1.933333333333334 0
336 1.746666666666665 2.066666666666668 0
337 1.639999999999999 2.200000000000001 0
338 1.533333333333332 2.333333333333334 0
339 1.426666666666665 2.466666666666668 0
340 1.319999999999999 2.600000000000001 0
341 1.213333333333333 2.733333333333334 0
342 1.106666666666666 2.866666666666667 0
343 2.702222222222222 1.133333333333333 0
344 2.604444444444444 1.266666666666667 0
345 2.506666666666666 1.400000000000001 0
346 2.408888888888888 1.533333333333334 0
347 2.31111111111111 1.666666666666668 0
348 2.213333333333332 1.800000000000001 0
349 2.115555555555555 1.933333333333334 0
350 2.017777777777777 2.066666666666668 0
351 1.919999999999999 2.200000000000001 0
352 1.822222222222222 2.333333333333334 0
353 1.724444444444444 2.466666666666668 0
354 1.626666666666666 2.600000000000001 0
355 1.528888888888888 2.733333333333334 0
356 1.431111111111111 2.866666666666667 0
357 2.911111111111111 1.133333333333333 0
358 2.822222222222222 1.266666666666667 0
359 2.733333333333333 1.4 0
360 2.644444444444444 1.533333333333334 0
361 2.555555555555554 1.666666666666668 0
362 2.466666666666666 1.800000000000001 0
363 2.377777777777776 1.933333333333334 0
364 2.288888888888888 2.066666666666668 0
365 2.199999999999999 2.200000000000001 0
366 2.111111111111111 2.333333333333334 0
367 2.022222222222222 2.466666666666668 0
368 1.933333333333333 2.600000000000001 0
369 1.844444444444444 2.733333333333334 0
370 1.755555555555555 2.866666666666667 0
371 3.12 1.133333333333333 0
372 3.04 1.266666666666667 0
373 2.96 1.4 0
374 2.879999999999999 1.533333333333334 0
375 2.799999999999999 1.666666666666668 0
376 2.719999999999999 1.800000000000001 0
377 2.639999999999999 1.933333333333334 0
378 2.559999999999999 2.066666666666668 0
379 2.479999999999999 2.200000000000001 0
380 2.399999999999999 2.333333333333334 0
381 2.319999999999999 2.466666666666668 0
382 2.239999999999999 2.600000000000001 0
383 2.16 2.733333333333334 0
384 2.08 2.866666666666667 0
385 3.328888888888889 1.133333333333333 0
386 3.257777777777778 1.266666666666667 0
387 3.186666666666667 1.4 0
388 3.115555555555555 1.533333333333334 0
389 3.044444444444444 1.666666666666667 0
390 2.973333333333333 1.800000000000001 0
391 2.902222222222222 1.933333333333334 0
392 2.83111111111111 2.066666666666667 0
393 2.759999999999999 2.200000000000001 0
394 2.688888888888888 2.333333333333334 0
395 2.617777777777777 2.466666666666667 0
396 2.546666666666666 2.600000000000001 0
397 2.475555555555555 2.733333333333334 0
398 2.404444444444444 2.866666666666667 0
399 3.537777777777778 1.133333333333333 0
400 3.475555555555555 1.266666666666667 0
401 3.413333333333333 1.4 0
402 3.35111111111111 1.533333333333334 0
403 3.288888888888888 1.666666666666667 0
404 3.226666666666666 1.800000000000001 0
405 3.164444444444444 1.933333333333334 0
406 3.102222222222221 2.066666666666667 0
407 3.039999999999999 2.200000000000001 0
408 2.977777777777777 2.333333333333334 0
409 2.915555555555555 2.466666666666667 0
410 2.853333333333333 2.600000000000001 0
411 2.791111111111111 2.733333333333334 0
412 2.728888888888889 2.866666666666667 0
413 3.746666666666667 1.133333333333333 0
414 3.693333333333333 1.266666666666667 0
415 3.64 1.4 0
416 3.586666666666666 1.533333333333334 0
417 3.533333333333333 1.666666666666667 0
418 3.48 1.800000000000001 0
419 3.426666666666666 1.933333333333334 0
420 3.373333333333333 2.066666666666667 0
421 3.319999999999999 2.200000000000001 0
422 3.266666666666666 2.333333333333334 0
423 3.213333333333333 2.466666666666667 0
424 3.16 2.600000000000001 0
425 3.106666666666666 2.733333333333334 0
426 3.053333333333333 2.866666666666667 0
427 3.955555555555556 1.133333333333333 0
428 3.911111111111111 1.266666666666667 0
429 3.866666666666666 1.4 0
430 3.822222222222222 1.533333333333334 0
431 3.777777777777777 1.666666666666667 0
432 3.733333333333333 1.800000000000001 0
433 3.688888888888888 1.933333333333334 0
434 3.644444444444444 2.066666666666667 0
435 3.6 2.200000000000001 0
436 3.555555555555555 2.333333333333334 0
437 3.511111111111111 2.466666666666667 0
438 3.466666666666667 2.600000000000001 0
439 3.422222222222222 2.733333333333333 0
440 3.377777777777778 2.866666666666667 0
441 4.164444444444444 1.133333333333333 0
442 4.128888888888888 1.266666666666667 0
443 4.093333333333333 1.4 0
444 4.057777777777778 1.533333333333334 0
445 4.022222222222222 1.666666666666667 0
446 3.986666666666666 1.8 0
447 3.951111111111111 1.933333333333334 0
448 3.915555555555555 2.066666666666667 0
449 3.879999999999999 2.2 0
450 3.844444444444444 2.333333333333334 0
451 3.808888888888889 2.466666666666667 0
452 3.773333333333333 2.600000000000001 0
453 3.737777777777778 2.733333333333333 0
454 3.702222222222222 2.866666666666667 0
455 4.373333333333333 1.133333333333333 0
456 4.346666666666666 1.266666666666667 0
457 4.319999999999999 1.4 0
458 4.293333333333333 1.533333333333333 0
459 4.266666666666667 1.666666666666667 0
460 4.24 1.8 0
461 4.213333333333333 1.933333333333334 0
462 4.186666666666666 2.066666666666667 0
463 4.16 2.2 0
464 4.133333333333334 2.333333333333333 0
465 4.106666666666666 2.466666666666667 0
466 4.08 2.600000000000001 0
467 4.053333333333333 2.733333333333333 0
468 4.026666666666667 2.866666666666667 0
469 4.582222222222223 1.133333333333333 0
470 4.564444444444444 1.266666666666667 0
471 4.546666666666666 1.4 0
472 4.528888888888888 1.533333333333333 0
473 4.511111111111111 1.666666666666667 0
474 4.493333333333334 1.8 0
475 4.475555555555555 1.933333333333334 0
476 4.457777777777777 2.066666666666667 0
477 4.44 2.2 0
478 4.422222222222222 2.333333333333333 0
479 4.404444444444445 2.466666666666667 0
480 4.386666666666667 2.6 0
481 4.368888888888889 2.733333333333333 0
482 4.351111111111111 2.866666666666667 0
483 4.79111111111111 1.133333333333333 0
484 4.782222222222222 1.266666666666667 0
485 4.773333333333333 1.4 0
486 4.764444444444444 1.533333333333333 0
487 4.755555555555555 1.666666666666667 0
488 4.746666666666666 1.8 0
489 4.737777777777778 1.933333333333334 0
490 4.728888888888888 2.066666666666667 0
491 4.72 2.2 0
492 4.71111111111111 2.333333333333333 0
493 4.702222222222222 2.466666666666667 0
494 4.693333333333333 2.6 0
495 4.684444444444444 2.733333333333333 0
496 4.675555555555555 2.866666666666667 0
$EndNodes
$Elements
540
1 1 2 8 1 1 7
2 1 2 8 1 7 8
3 1 2 8 1 8 9
4 1 2 8 1 9 10
5 1 2 8 1 10 11
6 1 2 8 1 11 12
7 1 2 8 1 12 13
8 1 2 8 1 13 14
9 1 2 8 1 14 15
10 1 2 8 1 15 16
11 1 2 8 1 16 17
12 1 2 8 1 17 18
13 1 2 8 1 18 19
14 1 2 8 1 19 20
15 1 2 8 1 20 2
16 1 2 9 2 2 21
17 1 2 9 2 21 22
18 1 2 9 2 22 23
19 1 2 9 2 23 24
20 1 2 9 2 24 25
21 1 2 9 2 25 26
22 1 2 9 2 26 27
23 1 2 9 2 27 28
24 1 2 9 2 28 29
25 1 2 9 2 29 30
26 1 2 9 2 30 31
27 1 2 9 2 31 32
28 1 2 9 2 32 33
29 1 2 9 2 33 34
30 1 2 9 2 34 3
31 1 2 9 3 3 35
32 1 2 9 3 35 36
33 1 2 9 3 36 37
34 1 2 9 3 37 38
35 1 2 9 3 38 39
36 1 2 9 3 39 40
37 1 2 9 3 40 41
38 1 2 9 3 41 42
39 1 2 9 3 42 43
40 1 2 9 3 43 44
41 1 2 9 3 44 45
42 1 2 9 3 45 46
43 1 2 9 3 46 47
44 1 2 9 3 47 48
45 1 2 9 3 48 4
46 1 2 8 4 4 49
47 1 2 8 4 49 50
48 1 2 8 4 50 51
49 1 2 8 4 51 52
50 1 2 8 4 52 53
51 1 2 8 4 53 54
52 1 2 8 4 54 55
53 1 2 8 4 55 56
54 1 2 8 4 56 57
55 1 2 8 4 57 58
56 1 2 8 4 58 59
57 1 2 8 4 59 60
58 1 2 8 4 60 61
59 1 2 8 4 61 62
60 1 2 8 4 62 5
61 1 2 10 5 5 63
62 1 2 10 5 63 64
63 1 2 10 5 64 65
64 1 2 10 5 65 66
65 1 2 10 5 66 67
66 1 2 10 5 67 68
67 1 2 10 5 68 69
68 1 2 10 5 69 70
69 1 2 10 5 70 71
70 1 2 10 5 71 72
71 1 2 10 5 72 73
72 1 2 10 5 73 74
73 1 2 10 5 74 75
74 1 2 10 5 75 76
75 1 2 10 5 76 6
76 1 2 8 6 6 77
77 1 2 8 6 77 78
78 1 2 8 6 78 79
79 1 2 8 6 79 80
80 1 2 8 6 80 81
81 1 2 8 6 81 82
82 1 2 8 6 82 83
83 1 2 8 6 83 84
84 1 2 8 6 84 85
85 1 2 8 6 85 86
86 1 2 8 6 86 87
87 1 2 8 6 87 88
88 1 2 8 6 88 89
89 1 2 8 6 89 90
90 1 2 8 6 90 1
91 3 2 11 1 1 7 105 90
92 3 2 11 1 90 105 106 89
93 3 2 11 1 89 106 107 88
94 3 2 11 1 88 107 108 87
95 3 2 11 1 87 108 109 86
96 3 2 11 1 86 109 110 85
97 3 2 11 1 85 110 111 84
98 3 2 11 1 84 111 112 83
99 3 2 11 1 83 112 113 82
100 3 2 11 1 82 113 114 81
101 3 2 11 1 81 114 115 80
102 3 2 11 1 80 115 116 79
103 3 2 11 1 79 116 117 78
104 3 2 11 1 78 117 118 77
105 3 2 11 1 77 118 104 6
106 3 2 11 1 7 8 119 105
107 3 2 11 1 105 119 120 106
108 3 2 11 1 106 120 121 107
109 3 2 11 1 107 121 122 108
110 3 2 11 1 108 122 123 109
111 3 2 11 1 109 123 124 110
112 3 2 11 1 110 124 125 111
113 3 2 11 1 111 125 126 112
114 3 2 11 1 112 126 127 113
115 3 2 11 1 113 127 128 114
116 3 2 11 1 114 128 129 115
117 3 2 11 1 115 129 130 116
118 3 2 11 1 116 130 131 117
119 3 2 11 1 117 131 132 118
120 3 2 11 1 118 132 103 104
121 3 2 11 1 8 9 133 119
122 3 2 11 1 119 133 134 120
123 3 2 11 1 120 134 135 121
124 3 2 11 1 121 135 136 122
125 3 2 11 1 122 136 137 123
126 3 2 11 1 123 137 138 124
127 3 2 11 1 124 138 139 125
128 3 2 11 1 125 139 140 126
129 3 2 11 1 126 140 141 127
130 3 2 11 1 127 141 142 128
131 3 2 11 1 128 142 143 129
132 3 2 11 1 129 143 144 130
133 3 2 11 1 130 144 145 131
134 3 2 11 1 131 145 146 132
135 3 2 11 1 132 146 102 103
136 3 2 11 1 9 10 147 133
137 3 2 11 1 133 147 148 134
138 3 2 11 1 134 148 149 135
139 3 2 11 1 135 149 150 136
140 3 2 11 1 136 150 151 137
141 3 2 11 1 137 151 152 138
142 3 2 11 1 138 152 153 139
143 3 2 11 1 139 153 154 140
144 3 2 11 1 140 154 155 141
145 3 2 11 1 141 155 156 142
146 3 2 11 1 142 156 157 143
147 3 2 11 1 143 157 158 144
148 3 2 11 1 144 158 159 145
149 3 2 11 1 145 159 160 146
150 3 2 11 1 146 160 101 102
151 3 2 11 1 10 11 161 147
152 3 2 11 1 147 161 162 148
153 3 2 11 1 148 162 163 149
154 3 2 11 1 149 163 164 150
155 3 2 11 1 150 164 165 151
156 3 2 11 1 151 165 166 152
157 3 2 11 1 152 166 167 153
158 3 2 11 1 153 167 168 154
159 3 2 11 1 154 168 169 155
160 3 2 11 1 155 169 170 156
161 3 2 11 1 156 170 171 157
162 3 2 11 1 157 171 172 158
163 3 2 11 1 158 172 173 159
164 3 2 11 1 159 173 174 160
165 3 2 11 1 160 174 100 101
166 3 2 11 1 11 12 175 161
167 3 2 11 1 161 175 176 162
168 3 2 11 1 162 176 177 163
169 3 2 11 1 163 177 178 164
170 3 2 11 1 164 178 179 165
171 3 2 11 1 165 179 180 166
172 3 2 11 1 166 180 181 167
173 3 2 11 1 167 181 182 168
174 3 2 11 1 168 182 183 169
175 3 2 11 1 169 183 184 170
176 3 2 11 1 170 184 185 171
177 3 2 11 1 171 185 186 172
178 3 2 11 1 172 186 187 173
179 3 2 11 1 173 187 188 174
180 3 2 11 1 174 188 99 100
181 3 2 11 1 12 13 189 175
182 3 2 11 1 175 189 190 176
183 3 2 11 1 176 190 191 177
184 3 2 11 1 177 191 192 178
185 3 2 11 1 178 192 193 179
186 3 2 11 1 179 193 194 180
187 3 2 11 1 180 194 195 181
188 3 2 11 1 181 195 196 182
189 3 2 11 1 182 196 197 183
190 3 2 11 1 183 197 198 184
191 3 2 11 1 184 198 199 185
192 3 2 11 1 185 199 200 186
193 3 2 11 1 186 200 201 187
194 3 2 11 1 187 201 202 188
195 3 2 11 1 188 202 98 99
196 3 2 11 1 13 14 203 189
197 3 2 11 1 189 203 204 190
198 3 2 11 1 190 204 205 191
199 3 2 11 1 191 205 206 192
200 3 2 11 1 192 206 207 193
201 3 2 11 1 193 207 208 194
202 3 2 11 1 194 208 209 195
203 3 2 11 1 195 209 210 196
204 3 2 11 1 196 210 211 197
205 3 2 11 1 197 211 212 198
206 3 2 11 1 198 212 213 199
207 3 2 11 1 199 213 214 200
208 3 2 11 1 200 214 215 201
209 3 2 11 1 201 215 216 202
210 3 2 11 1 202 216 97 98
211 3 2 11 1 14 15 217 203
212 3 2 11 1 203 217 218 204
213 3 2 11 1 204 218 219 205
214 3 2 11 1 205 219 220 206
215 3 2 11 1 206 220 221 207
216 3 2 11 1 207 221 222 208
217 3 2 11 1 208 222 223 209
218 3 2 11 1 209 223 224 210
219 3 2 11 1 210 224 225 211
220 3 2 11 1 211 225 226 212
221 3 2 11 1 212 226 227 213
222 3 2 11 1 213 227 228 214
223 3 2 11 1 214 228 229 215
224 3 2 11 1 215 229 230 216
225 3 2 11 1 216 230 96 97
226 3 2 11 1 15 16 231 217
227 3 2 11 1 217 231 232 218
228 3 2 11 1 218 232 233 219
229 3 2 11 1 219 233 234 220
230 3 2 11 1 220 234 235 221
231 3 2 11 1 221 235 236 222
232 3 2 11 1 222 236 237 223
233 3 2 11 1 223 237 238 224
234 3 2 11 1 224 238 239 225
235 3 2 11 1 225 239 240 226
236 3 2 11 1 226 240 241 227
237 3 2 11 1 227 241 242 228
238 3 2 11 1 228 242 243 229
239 3 2 11 1 229 243 244 230
240 3 2 11 1 230 244 95 96
241 3 2 11 1 16 17 245 231
242 3 2 11 1 231 245 246 232
243 3 2 11 1 232 246 247 233
244 3 2 11 1 233 247 248 234
245 3 2 11 1 234 248 249 235
246 3 2 11 1 235 249 250 236
247 3 2 11 1 236 250 251 237
248 3 2 11 1 237 251 252 238
249 3 2 11 1 238 252 253 239
250 3 2 11 1 239 253 254 240
251 3 2 11 1 240 254 255 241
252 3 2 11 1 241 255 256 242
253 3 2 11 1 242 256 257 243
254 3 2 11 1 243 257 258 244
255 3 2 11 1 244 258 94 95
256 3 2 11 1 17 18 259 245
257 3 2 11 1 245 259 260 246
258 3 2 11 1 246 260 261 247
259 3 2 11 1 247 261 262 248
260 3 2 11 1 248 262 263 249
261 3 2 11 1 249 263 264 250
262 3 2 11 1 250 264 265 251
263 3 2 11 1 251 265 266 252
264 3 2 11 1 252 266 267 253
265 3 2 11 1 253 267 268 254
266 3 2 11 1 254 268 269 255
267 3 2 11 1 255 269 270 256
268 3 2 11 1 256 270 271 257
269 3 2 11 1 257 271 272 258
270 3 2 11 1 258 272 93 94
271 3 2 11 1 18 19 273 259
272 3 2 11 1 259 273 274 260
273 3 2 11 1 260 274 275 261
274 3 2 11 1 261 275 276 262
275 3 2 11 1 262 276 277 263
276 3 2 11 1 263 277 278 264
277 3 2 11 1 264 278 279 265
278 3 2 11 1 265 279 280 266
279 3 2 11 1 266 280 281 267
280 3 2 11 1 267 281 282 268
281 3 2 11 1 268 282 283 269
282 3 2 11 1 269 283 284 270
283 3 2 11 1 270 284 285 271
284 3 2 11 1 271 285 286 272
285 3 2 11 1 272 286 92 93
286 3 2 11 1 19 20 287 273
287 3 2 11 1 273 287 288 274
288 3 2 11 1 274 288 289 275
289 3 2 11 1 275 289 290 276
290 3 2 11 1 276 290 291 277
291 3 2 11 1 277 291 292 278
292 3 2 11 1 278 292 293 279
293 3 2 11 1 279 293 294 280
294 3 2 11 1 280 294 295 281
295 3 2 11 1 281 295 296 282
296 3 2 11 1 282 296 297 283
297 3 2 11 1 283 297 298 284
298 3 2 11 1 284 298 299 285
299 3 2 11 1 285 299 300 286
300 3 2 11 1 286 300 91 92
301 3 2 11 1 20 2 21 287
302 3 2 11 1 287 21 22 288
303 3 2 11 1 288 22 23 289
304 3 2 11 1 289 23 24 290
305 3 2 11 1 290 24 25 291
306 3 2 11 1 291 25 26 292
307 3 2 11 1 292 26 27 293
308 3 2 11 1 293 27 28 294
309 3 2 11 1 294 28 29 295
310 3 2 11 1 295 29 30 296
311 3 2 11 1 296 30 31 297
312 3 2 11 1 297 31 32 298
313 3 2 11 1 298 32 33 299
314 3 2 11 1 299 33 34 300
315 3 2 11 1 300 34 3 91
316 3 2 11 2 3 35 301 91
317 3 2 11 2 91 301 302 92
318 3 2 11 2 92 302 303 93
319 3 2 11 2 93 303 304 94
320 3 2 11 2 94 304 305 95
321 3 2 11 2 95 305 306 96
322 3 2 11 2 96 306 307 97
323 3 2 11 2 97 307 308 98
324 3 2 11 2 98 308 309 99
325 3 2 11 2 99 309 310 100
326 3 2 11 2 100 310 311 101
327 3 2 11 2 101 311 312 102
328 3 2 11 2 102 312 313 103
329 3 2 11 2 103 313 314 104
330 3 2 11 2 104 314 76 6
331 3 2 11 2 35 36 315 301
332 3 2 11 2 301 315 316 302
333 3 2 11 2 302 316 317 303
334 3 2 11 2 303 317 318 304
335 3 2 11 2 304 318 319 305
336 3 2 11 2 305 319 320 306
337 3 2 11 2 306 320 321 307
338 3 2 11 2 307 321 322 308
339 3 2 11 2 308 322 323 309
340 3 2 11 2 309 323 324 310
341 3 2 11 2 310 324 325 311
342 3 2 11 2 311 325 326 312
343 3 2 11 2 312 326 327 313
344 3 2 11 2 313 327 328 314
345 3 2 11 2 314 328 75 76
346 3 2 11 2 36 37 329 315
347 3 2 11 2 315 329 330 316
348 3 2 11 2 316 330 331 317
349 3 2 11 2 317 331 332 318
350 3 2 11 2 318 332 333 319
351 3 2 11 2 319 333 334 320
352 3 2 11 2 320 334 335 321
353 3 2 11 2 321 335 336 322
354 3 2 11 2 322 336 337 323
355 3 2 11 2 323 337 338 324
356 3 2 11 2 324 338 339 325
357 3 2 11 2 325 339 340 326
358 3 2 11 2 326 340 341 327
359 3 2 11 2 327 341 342 328
360 3 2 11 2 328 342 74 75
361 3 2 11 2 37 38 343 329
362 3 2 11 2 329 343 344 330
363 3 2 11 2 330 344 345 331
364 3 2 11 2 331 345 346 332
365 3 2 11 2 332 346 347 333
366 3 2 11 2 333 347 348 334
367 3 2 11 2 334 348 349 335
368 3 2 11 2 335 349 350 336
369 3 2 11 2 336 350 351 337
370 3 2 11 2 337 351 352 338
371 3 2 11 2 338 352 353 339
372 3 2 11 2 339 353 354 340
373 3 2 11 2 340 354 355 341
374 3 2 11 2 341 355 356 342
375 3 2 11 2 342 356 73 74
376 3 2 11 2 38 39 357 343
377 3 2 11 2 343 357 358 344
378 3 2 11 2 344 358 359 345
379 3 2 11 2 345 359 360 346
380 3 2 11 2 346 360 361 347
381 3 2 11 2 347 361 362 348
382 3 2 11 2 348 362 363 349
383 3 2 11 2 349 363 364 350
384 3 2 11 2 350 364 365 351
385 3 2 11 2 351 365 366 352
386 3 2 11 2 352 366 367 353
387 3 2 11 2 353 367 368 354
388 3 2 11 2 354 368 369 355
389 3 2 11 2 355 369 370 356
390 3 2 11 2 356 370 72 73
391 3 2 11 2 39 40 371 357
392 3 2 11 2 357 371 372 358
393 3 2 11 2 358 372 373 359
394 3 2 11 2 359 373 374 360
395 3 2 11 2 360 374 375 361
396 3 2 11 2 361 375 376 362
397 3 2 11 2 362 376 377 363
398 3 2 11 2 363 377 378 364
399 3 2 11 2 364 378 379 365
400 3 2 11 2 365 379 380 366
401 3 2 11 2 366 380 381 367
402 3 2 11 2 367 381 382 368
403 3 2 11 2 368 382 383 369
404 3 2 11 2 369 383 384 370
405 3 2 11 2 370 384 71 72
406 3 2 11 2 40 41 385 371
407 3 2 11 2 371 385 386 372
408 3 2 11 2 372 386 387 373
409 3 2 11 2 373 387 388 374
410 3 2 11 2 374 388 389 375
411 3 2 11 2 375 389 390 376
412 3 2 11 2 376 390 391 377
413 3 2 11 2 377 391 392 378
414 3 2 11 2 378 392 393 379
415 3 2 11 2 379 393 394 380
416 3 2 11 2 380 394 395 381
417 3 2 11 2 381 395 396 382
418 3 2 11 2 382 396 397 383
419 3 2 11 2 383 397 398 384
420 3 2 11 2 384 398 70 71
421 3 2 11 2 41 42 399 385
422 3 2 11 2 385 399 400 386
423 3 2 11 2 386 400 401 387
424 3 2 11 2 387 401 402 388
425 3 2 11 2 388 402 403 389
426 3 2 11 2 389 403 404 390
427 3 2 11 2 390 404 405 391
428 3 2 11 2 391 405 406 392
429 3 2 11 2 392 406 407 393
430 3 2 11 2 393 407 408 394
431 3 2 11 2 394 408 409 395
432 3 2 11 2 395 409 410 396
433 3 2 11 2 396 410 411 397
434 3 2 11 2 397 411 412 398
435 3 2 11 2 398 412 69 70
436 3 2 11 2 42 43 413 399
437 3 2 11 2 399 413 414 400
438 3 2 11 2 400 414 415 401
439 3 2 11 2 401 415 416 402
440 3 2 11 2 402 416 417 403
441 3 2 11 2 403 417 418 404
442 3 2 11 2 404 418 419 405
443 3 2 11 2 405 419 420 406
444 3 2 11 2 406 420 421 407
445 3 2 11 2 407 421 422 408
446 3 2 11 2 408 422 423 409
447 3 2 11 2 409 423 424 410
448 3 2 11 2 410 424 425 411
449 3 2 11 2 411 425 426 412
450 3 2 11 2 412 426 68 69
451 3 2 11 2 43 44 427 413
452 3 2 11 2 413 427 428 414
453 3 2 11 2 414 428 429 415
454 3 2 11 2 415 429 430 416
455 3 2 11 2 416 430 431 417
456 3 2 11 2 417 431 432 418
457 3 2 11 2 418 432 433 419
458 3 2 11 2 419 433 434 420
459 3 2 11 2 420 434 435 421
460 3 2 11 2 421 435 436 422
461 3 2 11 2 422 436 437 423
462 3 2 11 2 423 437 438 424
463 3 2 11 2 424 438 439 425
464 3 2 11 2 425 439 440 426
465 3 2 11 2 426 440 67 68
466 3 2 11 2 44 45 441 427
467 3 2 11 2 427 441 442 428
468 3 2 11 2 428 442 443 429
469 3 2 11 2 429 443 444 430
470 3 2 11 2 430 444 445 431
471 3 2 11 2 431 445 446 432
472 3 2 11 2 432 446 447 433
473 3 2 11 2 433 447 448 434
474 3 2 11 2 434 448 449 435
475 3 2 11 2 435 449 450 436
476 3 2 11 2 436 450 451 437
477 3 2 11 2 437 451 452 438
478 3 2 11 2 438 452 453 439
479 3 2 11 2 439 453 454 440
480 3 2 11 2 440 454 66 67
481 3 2 11 2 45 46 455 441
482 3 2 11 2 441 455 456 442
483 3 2 11 2 442 456 457 443
484 3 2 11 2 443 457 458 444
485 3 2 11 2 444 458 459 445
486 3 2 11 2 445 459 460 446
487 3 2 11 2 446 460 461 447
488 3 2 11 2 447 461 462 448
489 3 2 11 2 448 462 463 449
490 3 2 11 2 449 463 464 450
491 3 2 11 2 450 464 465 451
492 3 2 11 2 451 465 466 452
493 3 2 11 2 452 466 467 453
494 3 2 11 2 453 467 468 454
495 3 2 11 2 454 468 65 66
496 3 2 11 2 46 47 469 455
497 3 2 11 2 455 469 470 456
498 3 2 11 2 456 470 471 457
499 3 2 11 2 457 471 472 458
500 3 2 11 2 458 472 473 459
501 3 2 11 2 459 473 474 460
502 3 2 11 2 460 474 475 461
503 3 2 11 2 461 475 476 462
504 3 2 11 2 462 476 477 463
505 3 2 11 2 463 477 478 464
506 3 2 11 2 464 478 479 465
507 3 2 11 2 465 479 480 466
508 3 2 11 2 466 480 481 467
509 3 2 11 2 467 481 482 468
510 3 2 11 2 468 482 64 65
511 3 2 11 2 47 48 483 469
512 3 2 11 2 469 483 484 470
513 3 2 11 2 470 484 485 471
514 3 2 11 2 471 485 486 472
515 3 2 11 2 472 486 487 473
516 3 2 11 2 473 487 488 474
517 3 2 11 2 474 488 489 475
518 3 2 11 2 475 489 490 476
519 3 2 11 2 476 490 491 477
520 3 2 11 2 477 491 492 478
521 3 2 11 2 478 492 493 479
522 3 2 11 2 479 493 494 480
523 3 2 11 2 480 494 495 481
524 3 2 11 2 481 495 496 482
525 3 2 11 2 482 496 63 64
526 3 2 11 2 48 4 49 483
527 3 2 11 2 483 49 50 484
528 3 2 11 2 484 50 51 485
529 3 2 11 2 485 51 52 486
530 3 2 11 2 486 52 53 487
531 3 2 11 2 487 53 54 488
532 3 2 11 2 488 54 55 489
533 3 2 11 2 489 55 56 490
534 3 2 11 2 490 56 57 491
535 3 2 11 2 491 57 58 492
536 3 2 11 2 492 58 59 493
537 3 2 11 2 493 59 60 494
538 3 2 11 2 494 60 61 495
539 3 2 11 2 495 61 62 496
540 3 2 11 2 496 62 5 63
$EndElements
