$MeshFormat
2.2 0 8
$EndMeshFormat
$PhysicalNames
4
1 8 "adb"
1 9 "cold"
1 10 "hot"
2 11 "area"
$EndPhysicalNames
$Nodes
231
1 0 0 0
2 2 0 0
3 2 1 0
4 5 1 0
5 5 3 0
6 0 3 0
7 0.4 0 0
8 0.8 0 0
9 1.2 0 0
10 1.6 0 0
11 0.2 0 0
12 0.6000000000000001 0 0
13 1 0 0
14 1.4 0 0
15 1.8 0 0
16 2 0.2 0
17 2 0.4 0
18 2 0.6000000000000001 0
19 2 0.8 0
20 2 0.1 0
21 2 0.3 0
22 2 0.5 0
23 2 0.7000000000000001 0
24 2 0.9 0
25 2.6 1 0
26 3.2 1 0
27 3.8 1 0
28 4.4 1 0
29 2.3 1 0
30 2.9 1 0
31 3.5 1 0
32 4.1 1 0
33 4.7 1 0
34 5 1.4 0
35 5 1.8 0
36 5 2.2 0
37 5 2.6 0
38 5 1.2 0
39 5 1.6 0
40 5 2 0
41 5 2.4 0
42 5 2.8 0
43 4 3 0
44 3 3 0
45 2 3 0
46 1 3 0
47 4.5 3 0
48 3.5 3 0
49 2.5 3 0
50 1.5 3 0
51 0.5 3 0
52 0 2.4 0
53 0 1.8 0
54 0 1.2 0
55 0 0.5999999999999996 0
56 0 2.7 0
57 0 2.1 0
58 0 1.5 0
59 0 0.8999999999999999 0
60 0 0.2999999999999998 0
61 1.599999999999999 1.400000000000001 0
62 1.199999999999998 1.800000000000002 0
63 0.7999999999999985 2.200000000000002 0
64 0.3999999999999992 2.600000000000001 0
65 1.8 1.2 0
66 1.399999999999999 1.600000000000001 0
67 0.9999999999999987 2.000000000000001 0
68 0.599999999999999 2.400000000000001 0
69 0.1999999999999997 2.8 0
70 0.3999999999999999 0.5200000000000001 0
71 0.3999999999999997 1.04 0
72 0.3999999999999995 1.56 0
73 0.3999999999999994 2.080000000000001 0
74 0.7999999999999998 0.4400000000000003 0
75 0.7999999999999996 0.8800000000000003 0
76 0.7999999999999994 1.320000000000001 0
77 0.799999999999999 1.760000000000001 0
78 1.2 0.3600000000000002 0
79 1.2 0.7200000000000002 0
80 1.2 1.080000000000001 0
81 1.199999999999999 1.440000000000001 0
82 1.6 0.2800000000000001 0
83 1.6 0.5600000000000003 0
84 1.6 0.8400000000000003 0
85 1.599999999999999 1.120000000000001 0
86 0.3999999999999999 0.26 0
87 0.2 0.5599999999999998 0
88 0.2 0.2799999999999999 0
89 0.3999999999999998 0.7800000000000001 0
90 0.1999999999999998 1.12 0
91 0.1999999999999998 0.8400000000000001 0
92 0.3999999999999996 1.3 0
93 0.1999999999999997 1.68 0
94 0.1999999999999998 1.4 0
95 0.3999999999999995 1.820000000000001 0
96 0.1999999999999997 2.24 0
97 0.1999999999999997 1.96 0
98 0.3999999999999992 2.340000000000001 0
99 0.1999999999999995 2.52 0
100 0.7999999999999999 0.2200000000000002 0
101 0.5999999999999999 0.4800000000000002 0
102 0.6 0.2400000000000001 0
103 0.7999999999999997 0.6600000000000004 0
104 0.5999999999999996 0.9600000000000002 0
105 0.5999999999999998 0.7200000000000002 0
106 0.7999999999999995 1.100000000000001 0
107 0.5999999999999994 1.44 0
108 0.5999999999999995 1.2 0
109 0.7999999999999992 1.540000000000001 0
110 0.5999999999999992 1.920000000000001 0
111 0.5999999999999993 1.680000000000001 0
112 0.7999999999999986 1.980000000000001 0
113 0.599999999999999 2.160000000000001 0
114 1.2 0.1800000000000002 0
115 1 0.4000000000000002 0
116 1 0.2000000000000002 0
117 1.2 0.5400000000000003 0
118 0.9999999999999997 0.8000000000000003 0
119 0.9999999999999998 0.6000000000000003 0
120 1.2 0.9000000000000004 0
121 0.9999999999999994 1.200000000000001 0
122 0.9999999999999996 1 0
123 1.199999999999999 1.260000000000001 0
124 0.9999999999999991 1.600000000000001 0
125 0.9999999999999992 1.400000000000001 0
126 1.199999999999999 1.620000000000001 0
127 0.9999999999999988 1.800000000000001 0
128 1.6 0.1400000000000001 0
129 1.4 0.3200000000000002 0
130 1.4 0.1600000000000001 0
131 1.6 0.4200000000000002 0
132 1.4 0.6400000000000002 0
133 1.4 0.4800000000000002 0
134 1.6 0.7000000000000003 0
135 1.399999999999999 0.9600000000000004 0
136 1.4 0.8000000000000004 0
137 1.6 0.9800000000000004 0
138 1.399999999999999 1.280000000000001 0
139 1.399999999999999 1.120000000000001 0
140 1.599999999999999 1.260000000000001 0
141 1.399999999999999 1.440000000000001 0
142 1.8 0.24 0
143 1.8 0.1200000000000001 0
144 1.8 0.4800000000000002 0
145 1.8 0.3600000000000001 0
146 1.8 0.7200000000000002 0
147 1.8 0.6000000000000001 0
148 1.8 0.9600000000000003 0
149 1.8 0.8400000000000003 0
150 1.8 1.08 0
151 2.279999999999999 1.4 0
152 1.959999999999999 1.800000000000001 0
153 1.639999999999999 2.200000000000001 0
154 1.319999999999999 2.600000000000001 0
155 2.96 1.4 0
156 2.719999999999999 1.800000000000001 0
157 2.479999999999999 2.200000000000001 0
158 2.239999999999999 2.600000000000001 0
159 3.64 1.4 0
160 3.48 1.8 0
161 3.319999999999999 2.200000000000001 0
162 3.16 2.600000000000001 0
163 4.32 1.4 0
164 4.239999999999999 1.8 0
165 4.159999999999999 2.2 0
166 4.08 2.6 0
167 2.44 1.2 0
168 1.939999999999999 1.400000000000001 0
169 2.12 1.2 0
170 2.119999999999999 1.600000000000001 0
171 1.579999999999999 1.800000000000001 0
172 1.759999999999999 1.600000000000001 0
173 1.799999999999999 2.000000000000001 0
174 1.219999999999998 2.200000000000002 0
175 1.399999999999999 2.000000000000001 0
176 1.479999999999999 2.400000000000001 0
177 0.859999999999999 2.600000000000001 0
178 1.039999999999999 2.400000000000001 0
179 1.159999999999999 2.8 0
180 0.6799999999999993 2.800000000000001 0
181 3.08 1.2 0
182 2.62 1.4 0
183 2.76 1.2 0
184 2.839999999999999 1.600000000000001 0
185 2.339999999999999 1.800000000000001 0
186 2.48 1.600000000000001 0
187 2.599999999999999 2.000000000000001 0
188 2.059999999999999 2.200000000000001 0
189 2.199999999999999 2.000000000000001 0
190 2.359999999999999 2.4 0
191 1.779999999999999 2.600000000000001 0
192 1.919999999999999 2.400000000000001 0
193 2.119999999999999 2.8 0
194 1.64 2.8 0
195 3.72 1.2 0
196 3.3 1.4 0
197 3.4 1.2 0
198 3.56 1.600000000000001 0
199 3.1 1.800000000000001 0
200 3.2 1.600000000000001 0
201 3.399999999999999 2 0
202 2.899999999999999 2.200000000000001 0
203 3 2 0
204 3.239999999999999 2.4 0
205 2.699999999999999 2.600000000000001 0
206 2.799999999999999 2.4 0
207 3.08 2.8 0
208 2.6 2.8 0
209 4.36 1.2 0
210 3.98 1.4 0
211 4.04 1.2 0
212 4.279999999999999 1.6 0
213 3.859999999999999 1.8 0
214 3.92 1.6 0
215 4.199999999999999 2 0
216 3.739999999999999 2.2 0
217 3.8 2 0
218 4.119999999999999 2.4 0
219 3.62 2.6 0
220 3.68 2.4 0
221 4.04 2.8 0
222 3.56 2.8 0
223 4.66 1.4 0
224 4.68 1.2 0
225 4.619999999999999 1.8 0
226 4.64 1.6 0
227 4.58 2.2 0
228 4.6 2 0
229 4.54 2.6 0
230 4.56 2.4 0
231 4.52 2.8 0
$EndNodes
$Elements
80
1 8 2 8 1 1 7 11
2 8 2 8 1 7 8 12
3 8 2 8 1 8 9 13
4 8 2 8 1 9 10 14
5 8 2 8 1 10 2 15
6 8 2 9 2 2 16 20
7 8 2 9 2 16 17 21
8 8 2 9 2 17 18 22
9 8 2 9 2 18 19 23
10 8 2 9 2 19 3 24
11 8 2 9 3 3 25 29
12 8 2 9 3 25 26 30
13 8 2 9 3 26 27 31
14 8 2 9 3 27 28 32
15 8 2 9 3 28 4 33
16 8 2 8 4 4 34 38
17 8 2 8 4 34 35 39
18 8 2 8 4 35 36 40
19 8 2 8 4 36 37 41
20 8 2 8 4 37 5 42
21 8 2 10 5 5 43 47
22 8 2 10 5 43 44 48
23 8 2 10 5 44 45 49
24 8 2 10 5 45 46 50
25 8 2 10 5 46 6 51
26 8 2 8 6 6 52 56
27 8 2 8 6 52 53 57
28 8 2 8 6 53 54 58
29 8 2 8 6 54 55 59
30 8 2 8 6 55 1 60
31 10 2 11 1 1 7 70 55 11 86 87 60 88
32 10 2 11 1 55 70 71 54 87 89 90 59 91
33 10 2 11 1 54 71 72 53 90 92 93 58 94
34 10 2 11 1 53 72 73 52 93 95 96 57 97
35 10 2 11 1 52 73 64 6 96 98 69 56 99
36 10 2 11 1 7 8 74 70 12 100 101 86 102
37 10 2 11 1 70 74 75 71 101 103 104 89 105
38 10 2 11 1 71 75 76 72 104 106 107 92 108
39 10 2 11 1 72 76 77 73 107 109 110 95 111
40 10 2 11 1 73 77 63 64 110 112 68 98 113
41 10 2 11 1 8 9 78 74 13 114 115 100 116
42 10 2 11 1 74 78 79 75 115 117 118 103 119
43 10 2 11 1 75 79 80 76 118 120 121 106 122
44 10 2 11 1 76 80 81 77 121 123 124 109 125
45 10 2 11 1 77 81 62 63 124 126 67 112 127
46 10 2 11 1 9 10 82 78 14 128 129 114 130
47 10 2 11 1 78 82 83 79 129 131 132 117 133
48 10 2 11 1 79 83 84 80 132 134 135 120 136
49 10 2 11 1 80 84 85 81 135 137 138 123 139
50 10 2 11 1 81 85 61 62 138 140 66 126 141
51 10 2 11 1 10 2 16 82 15 20 142 128 143
52 10 2 11 1 82 16 17 83 142 21 144 131 145
53 10 2 11 1 83 17 18 84 144 22 146 134 147
54 10 2 11 1 84 18 19 85 146 23 148 137 149
55 10 2 11 1 85 19 3 61 148 24 65 140 150
56 10 2 11 2 3 25 151 61 29 167 168 65 169
57 10 2 11 2 61 151 152 62 168 170 171 66 172
58 10 2 11 2 62 152 153 63 171 173 174 67 175
59 10 2 11 2 63 153 154 64 174 176 177 68 178
60 10 2 11 2 64 154 46 6 177 179 51 69 180
61 10 2 11 2 25 26 155 151 30 181 182 167 183
62 10 2 11 2 151 155 156 152 182 184 185 170 186
63 10 2 11 2 152 156 157 153 185 187 188 173 189
64 10 2 11 2 153 157 158 154 188 190 191 176 192
65 10 2 11 2 154 158 45 46 191 193 50 179 194
66 10 2 11 2 26 27 159 155 31 195 196 181 197
67 10 2 11 2 155 159 160 156 196 198 199 184 200
68 10 2 11 2 156 160 161 157 199 201 202 187 203
69 10 2 11 2 157 161 162 158 202 204 205 190 206
70 10 2 11 2 158 162 44 45 205 207 49 193 208
71 10 2 11 2 27 28 163 159 32 209 210 195 211
72 10 2 11 2 159 163 164 160 210 212 213 198 214
73 10 2 11 2 160 164 165 161 213 215 216 201 217
74 10 2 11 2 161 165 166 162 216 218 219 204 220
75 10 2 11 2 162 166 43 44 219 221 48 207 222
76 10 2 11 2 28 4 34 163 33 38 223 209 224
77 10 2 11 2 163 34 35 164 223 39 225 212 226
78 10 2 11 2 164 35 36 165 225 40 227 215 228
79 10 2 11 2 165 36 37 166 227 41 229 218 230
80 10 2 11 2 166 37 5 43 229 42 47 221 231
$EndElements
