$MeshFormat
2.2 0 8
$EndMeshFormat
$PhysicalNames
4
1 8 "adb"
1 9 "cold"
1 10 "hot"
2 11 "area"
$EndPhysicalNames
$Nodes
861
1 0 0 0
2 2 0 0
3 2 1 0
4 5 1 0
5 5 3 0
6 0 3 0
7 0.2 0 0
8 0.4 0 0
9 0.6000000000000001 0 0
10 0.8 0 0
11 1 0 0
12 1.2 0 0
13 1.4 0 0
14 1.6 0 0
15 1.8 0 0
16 0.1 0 0
17 0.3 0 0
18 0.5 0 0
19 0.7000000000000001 0 0
20 0.9 0 0
21 1.1 0 0
22 1.3 0 0
23 1.5 0 0
24 1.7 0 0
25 1.9 0 0
26 2 0.1 0
27 2 0.2 0
28 2 0.3 0
29 2 0.4 0
30 2 0.5 0
31 2 0.6000000000000001 0
32 2 0.7000000000000001 0
33 2 0.8 0
34 2 0.9 0
35 2 0.05 0
36 2 0.15 0
37 2 0.25 0
38 2 0.35 0
39 2 0.45 0
40 2 0.55 0
41 2 0.6500000000000001 0
42 2 0.75 0
43 2 0.8500000000000001 0
44 2 0.95 0
45 2.3 1 0
46 2.6 1 0
47 2.9 1 0
48 3.2 1 0
49 3.5 1 0
50 3.8 1 0
51 4.1 1 0
52 4.4 1 0
53 4.7 1 0
54 2.15 1 0
55 2.45 1 0
56 2.75 1 0
57 3.05 1 0
58 3.35 1 0
59 3.65 1 0
60 3.95 1 0
61 4.25 1 0
62 4.550000000000001 1 0
63 4.85 1 0
64 5 1.2 0
65 5 1.4 0
66 5 1.6 0
67 5 1.8 0
68 5 2 0
69 5 2.2 0
70 5 2.4 0
71 5 2.6 0
72 5 2.8 0
73 5 1.1 0
74 5 1.3 0
75 5 1.5 0
76 5 1.7 0
77 5 1.9 0
78 5 2.1 0
79 5 2.3 0
80 5 2.5 0
81 5 2.7 0
82 5 2.9 0
83 4.5 3 0
84 4 3 0
85 3.5 3 0
86 3 3 0
87 2.5 3 0
88 2 3 0
89 1.5 3 0
90 1 3 0
91 0.5 3 0
92 4.75 3 0
93 4.25 3 0
94 3.75 3 0
95 3.25 3 0
96 2.75 3 0
97 2.25 3 0
98 1.75 3 0
99 1.25 3 0
100 0.75 3 0
101 0.25 3 0
102 0 2.7 0
103 0 2.4 0
104 0 2.1 0
105 0 1.8 0
106 0 1.5 0
107 0 1.2 0
108 0 0.8999999999999999 0
109 0 0.5999999999999996 0
110 0 0.2999999999999998 0
111 0 2.85 0
112 0 2.55 0
113 0 2.25 0
114 0 1.95 0
115 0 1.65 0
116 0 1.35 0
117 0 1.05 0
118 0 0.75 0
119 0 0.4499999999999997 0
120 0 0.1499999999999999 0
121 1.8 1.2 0
122 1.599999999999999 1.400000000000001 0
123 1.399999999999999 1.600000000000001 0
124 1.199999999999998 1.800000000000002 0
125 0.9999999999999984 2.000000000000002 0
126 0.7999999999999985 2.200000000000002 0
127 0.5999999999999992 2.400000000000001 0
128 0.3999999999999992 2.600000000000001 0
129 0.1999999999999993 2.800000000000001 0
130 1.9 1.1 0
131 1.7 1.3 0
132 1.499999999999999 1.500000000000001 0
133 1.299999999999998 1.700000000000002 0
134 1.099999999999998 1.900000000000002 0
135 0.8999999999999986 2.100000000000001 0
136 0.6999999999999988 2.300000000000001 0
137 0.4999999999999993 2.500000000000001 0
138 0.2999999999999994 2.700000000000001 0
139 0.09999999999999942 2.9 0
140 0.2000000000000001 0.2799999999999999 0
141 0.2000000000000001 0.5599999999999998 0
142 0.2 0.84 0
143 0.2 1.12 0
144 0.2 1.4 0
145 0.1999999999999998 1.68 0
146 0.1999999999999997 1.96 0
147 0.1999999999999996 2.24 0
148 0.1999999999999995 2.52 0
149 0.4 0.2599999999999998 0
150 0.3999999999999999 0.5199999999999999 0
151 0.3999999999999997 0.78 0
152 0.3999999999999997 1.04 0
153 0.3999999999999997 1.3 0
154 0.3999999999999996 1.56 0
155 0.3999999999999995 1.820000000000001 0
156 0.3999999999999994 2.080000000000001 0
157 0.3999999999999991 2.340000000000001 0
158 0.5999999999999999 0.24 0
159 0.5999999999999998 0.4800000000000001 0
160 0.5999999999999996 0.7200000000000002 0
161 0.5999999999999996 0.9600000000000003 0
162 0.5999999999999994 1.2 0
163 0.5999999999999993 1.440000000000001 0
164 0.5999999999999992 1.680000000000001 0
165 0.5999999999999991 1.920000000000001 0
166 0.5999999999999989 2.160000000000001 0
167 0.7999999999999999 0.2200000000000001 0
168 0.7999999999999997 0.4400000000000002 0
169 0.7999999999999996 0.6600000000000003 0
170 0.7999999999999995 0.8800000000000003 0
171 0.7999999999999994 1.100000000000001 0
172 0.7999999999999992 1.320000000000001 0
173 0.799999999999999 1.540000000000001 0
174 0.7999999999999988 1.760000000000001 0
175 0.7999999999999986 1.980000000000001 0
176 1 0.2 0
177 0.9999999999999998 0.4000000000000001 0
178 0.9999999999999996 0.6000000000000002 0
179 0.9999999999999994 0.8000000000000004 0
180 0.9999999999999993 1.000000000000001 0
181 0.9999999999999991 1.200000000000001 0
182 0.9999999999999989 1.400000000000001 0
183 0.9999999999999988 1.600000000000001 0
184 0.9999999999999986 1.800000000000001 0
185 1.2 0.1799999999999997 0
186 1.2 0.3600000000000001 0
187 1.2 0.5400000000000001 0
188 1.2 0.7200000000000003 0
189 1.199999999999999 0.9000000000000006 0
190 1.199999999999999 1.080000000000001 0
191 1.199999999999999 1.260000000000001 0
192 1.199999999999999 1.440000000000001 0
193 1.199999999999999 1.620000000000001 0
194 1.4 0.1599999999999999 0
195 1.4 0.32 0
196 1.4 0.48 0
197 1.399999999999999 0.6400000000000002 0
198 1.399999999999999 0.8000000000000005 0
199 1.399999999999999 0.9600000000000006 0
200 1.399999999999999 1.120000000000001 0
201 1.399999999999999 1.280000000000001 0
202 1.399999999999999 1.440000000000001 0
203 1.6 0.1399999999999999 0
204 1.6 0.28 0
205 1.6 0.42 0
206 1.6 0.5600000000000003 0
207 1.6 0.7000000000000003 0
208 1.6 0.8400000000000004 0
209 1.599999999999999 0.9800000000000005 0
210 1.599999999999999 1.120000000000001 0
211 1.599999999999999 1.260000000000001 0
212 1.8 0.1199999999999999 0
213 1.8 0.2400000000000001 0
214 1.8 0.3600000000000001 0
215 1.8 0.48 0
216 1.8 0.6000000000000001 0
217 1.8 0.7200000000000002 0
218 1.8 0.8400000000000003 0
219 1.8 0.9600000000000004 0
220 1.8 1.08 0
221 0.2 0.1399999999999999 0
222 0.1000000000000001 0.2899999999999998 0
223 0.1000000000000001 0.1449999999999998 0
224 0.2000000000000001 0.4199999999999999 0
225 0.1000000000000001 0.5799999999999997 0
226 0.1000000000000001 0.4349999999999998 0
227 0.2 0.7 0
228 0.09999999999999998 0.8699999999999999 0
229 0.09999999999999987 0.725 0
230 0.2 0.98 0
231 0.09999999999999998 1.16 0
232 0.09999999999999998 1.015 0
233 0.2 1.26 0
234 0.09999999999999998 1.45 0
235 0.09999999999999998 1.305 0
236 0.2 1.54 0
237 0.09999999999999987 1.74 0
238 0.09999999999999987 1.595 0
239 0.1999999999999997 1.82 0
240 0.09999999999999987 2.03 0
241 0.09999999999999987 1.885 0
242 0.1999999999999997 2.100000000000001 0
243 0.09999999999999987 2.32 0
244 0.09999999999999987 2.175 0
245 0.1999999999999995 2.380000000000001 0
246 0.09999999999999976 2.61 0
247 0.09999999999999964 2.465 0
248 0.1999999999999993 2.660000000000001 0
249 0.09999999999999942 2.755000000000001 0
250 0.4 0.1299999999999999 0
251 0.3 0.2699999999999998 0
252 0.3 0.1349999999999998 0
253 0.3999999999999999 0.3899999999999999 0
254 0.2999999999999999 0.5399999999999998 0
255 0.2999999999999999 0.4049999999999999 0
256 0.3999999999999998 0.6499999999999999 0
257 0.2999999999999998 0.8100000000000001 0
258 0.2999999999999999 0.6749999999999999 0
259 0.3999999999999997 0.9100000000000001 0
260 0.2999999999999998 1.08 0
261 0.2999999999999998 0.9450000000000001 0
262 0.3999999999999997 1.17 0
263 0.2999999999999998 1.35 0
264 0.2999999999999998 1.215 0
265 0.3999999999999996 1.43 0
266 0.2999999999999997 1.62 0
267 0.2999999999999998 1.485 0
268 0.3999999999999995 1.690000000000001 0
269 0.2999999999999996 1.890000000000001 0
270 0.2999999999999996 1.755 0
271 0.3999999999999994 1.950000000000001 0
272 0.2999999999999995 2.160000000000001 0
273 0.2999999999999995 2.025 0
274 0.3999999999999992 2.210000000000001 0
275 0.2999999999999993 2.430000000000001 0
276 0.2999999999999994 2.295000000000001 0
277 0.3999999999999991 2.470000000000001 0
278 0.2999999999999992 2.565000000000001 0
279 0.6 0.1200000000000001 0
280 0.4999999999999999 0.2499999999999999 0
281 0.5 0.125 0
282 0.5999999999999999 0.3600000000000001 0
283 0.4999999999999998 0.5 0
284 0.4999999999999999 0.375 0
285 0.5999999999999996 0.6000000000000001 0
286 0.4999999999999997 0.7500000000000001 0
287 0.4999999999999997 0.625 0
288 0.5999999999999996 0.8400000000000003 0
289 0.4999999999999997 1 0
290 0.4999999999999997 0.8750000000000001 0
291 0.5999999999999995 1.080000000000001 0
292 0.4999999999999996 1.25 0
293 0.4999999999999996 1.125 0
294 0.5999999999999994 1.320000000000001 0
295 0.4999999999999994 1.5 0
296 0.4999999999999995 1.375 0
297 0.5999999999999992 1.560000000000001 0
298 0.4999999999999993 1.750000000000001 0
299 0.4999999999999994 1.625000000000001 0
300 0.5999999999999992 1.800000000000001 0
301 0.4999999999999992 2.000000000000001 0
302 0.4999999999999993 1.875000000000001 0
303 0.599999999999999 2.040000000000001 0
304 0.499999999999999 2.250000000000001 0
305 0.4999999999999991 2.125000000000001 0
306 0.599999999999999 2.280000000000001 0
307 0.4999999999999991 2.375000000000001 0
308 0.7999999999999999 0.1100000000000001 0
309 0.7 0.23 0
310 0.7 0.1150000000000002 0
311 0.7999999999999998 0.3300000000000001 0
312 0.6999999999999997 0.4600000000000002 0
313 0.6999999999999998 0.3450000000000002 0
314 0.7999999999999997 0.5500000000000003 0
315 0.6999999999999996 0.6900000000000002 0
316 0.6999999999999997 0.5750000000000002 0
317 0.7999999999999995 0.7700000000000004 0
318 0.6999999999999995 0.9200000000000004 0
319 0.6999999999999996 0.8050000000000003 0
320 0.7999999999999994 0.9900000000000005 0
321 0.6999999999999994 1.150000000000001 0
322 0.6999999999999995 1.035 0
323 0.7999999999999993 1.210000000000001 0
324 0.6999999999999993 1.380000000000001 0
325 0.6999999999999993 1.265000000000001 0
326 0.799999999999999 1.430000000000001 0
327 0.6999999999999991 1.610000000000001 0
328 0.6999999999999992 1.495000000000001 0
329 0.7999999999999989 1.650000000000001 0
330 0.699999999999999 1.840000000000001 0
331 0.6999999999999991 1.725000000000001 0
332 0.7999999999999987 1.870000000000001 0
333 0.6999999999999987 2.070000000000001 0
334 0.6999999999999988 1.955000000000001 0
335 0.7999999999999985 2.090000000000002 0
336 0.6999999999999986 2.185000000000001 0
337 1 0.1000000000000001 0
338 0.8999999999999999 0.21 0
339 0.8999999999999999 0.105 0
340 0.9999999999999998 0.3 0
341 0.8999999999999997 0.4200000000000002 0
342 0.8999999999999998 0.3150000000000002 0
343 0.9999999999999997 0.5000000000000002 0
344 0.8999999999999996 0.6300000000000002 0
345 0.8999999999999997 0.5250000000000004 0
346 0.9999999999999996 0.7000000000000003 0
347 0.8999999999999995 0.8400000000000004 0
348 0.8999999999999995 0.7350000000000003 0
349 0.9999999999999993 0.9000000000000006 0
350 0.8999999999999992 1.050000000000001 0
351 0.8999999999999994 0.9450000000000006 0
352 0.9999999999999992 1.100000000000001 0
353 0.8999999999999991 1.260000000000001 0
354 0.8999999999999992 1.155000000000001 0
355 0.999999999999999 1.300000000000001 0
356 0.899999999999999 1.470000000000001 0
357 0.899999999999999 1.365000000000001 0
358 0.9999999999999989 1.500000000000001 0
359 0.8999999999999988 1.680000000000001 0
360 0.8999999999999989 1.575000000000001 0
361 0.9999999999999987 1.700000000000001 0
362 0.8999999999999986 1.890000000000001 0
363 0.8999999999999987 1.785000000000001 0
364 0.9999999999999984 1.900000000000001 0
365 0.8999999999999985 1.995000000000002 0
366 1.2 0.08999999999999986 0
367 1.1 0.1899999999999999 0
368 1.1 0.09499999999999997 0
369 1.2 0.2699999999999999 0
370 1.1 0.3800000000000001 0
371 1.1 0.2850000000000001 0
372 1.2 0.4500000000000002 0
373 1.1 0.5700000000000002 0
374 1.1 0.4750000000000003 0
375 1.2 0.6300000000000002 0
376 1.099999999999999 0.7600000000000003 0
377 1.1 0.6650000000000003 0
378 1.199999999999999 0.8100000000000004 0
379 1.099999999999999 0.9500000000000006 0
380 1.099999999999999 0.8550000000000004 0
381 1.199999999999999 0.9900000000000007 0
382 1.099999999999999 1.140000000000001 0
383 1.099999999999999 1.045000000000001 0
384 1.199999999999999 1.170000000000001 0
385 1.099999999999999 1.330000000000001 0
386 1.099999999999999 1.235000000000001 0
387 1.199999999999999 1.350000000000001 0
388 1.099999999999999 1.520000000000001 0
389 1.099999999999999 1.425000000000001 0
390 1.199999999999999 1.530000000000001 0
391 1.099999999999999 1.710000000000001 0
392 1.099999999999999 1.615000000000001 0
393 1.199999999999998 1.710000000000001 0
394 1.099999999999998 1.805000000000001 0
395 1.4 0.08000000000000007 0
396 1.3 0.1699999999999999 0
397 1.3 0.08499999999999996 0
398 1.4 0.24 0
399 1.3 0.3400000000000001 0
400 1.3 0.2550000000000001 0
401 1.4 0.3999999999999999 0
402 1.3 0.51 0
403 1.3 0.425 0
404 1.399999999999999 0.5600000000000001 0
405 1.299999999999999 0.6800000000000003 0
406 1.3 0.5950000000000002 0
407 1.399999999999999 0.7200000000000003 0
408 1.299999999999999 0.8500000000000005 0
409 1.299999999999999 0.7650000000000003 0
410 1.399999999999999 0.8800000000000006 0
411 1.299999999999999 1.020000000000001 0
412 1.299999999999999 0.9350000000000006 0
413 1.399999999999999 1.040000000000001 0
414 1.299999999999999 1.190000000000001 0
415 1.299999999999999 1.105000000000001 0
416 1.399999999999999 1.200000000000001 0
417 1.299999999999999 1.360000000000001 0
418 1.299999999999999 1.275000000000001 0
419 1.399999999999999 1.360000000000001 0
420 1.299999999999999 1.530000000000001 0
421 1.299999999999999 1.445000000000001 0
422 1.399999999999999 1.520000000000001 0
423 1.299999999999999 1.615000000000001 0
424 1.6 0.06999999999999984 0
425 1.5 0.1499999999999999 0
426 1.5 0.07499999999999996 0
427 1.6 0.21 0
428 1.5 0.3 0
429 1.5 0.2250000000000001 0
430 1.6 0.3500000000000001 0
431 1.5 0.45 0
432 1.5 0.375 0
433 1.6 0.4900000000000002 0
434 1.5 0.6000000000000003 0
435 1.5 0.5250000000000001 0
436 1.6 0.6300000000000003 0
437 1.5 0.7500000000000003 0
438 1.5 0.6750000000000004 0
439 1.6 0.7700000000000004 0
440 1.5 0.9000000000000006 0
441 1.5 0.8250000000000004 0
442 1.599999999999999 0.9100000000000005 0
443 1.499999999999999 1.050000000000001 0
444 1.499999999999999 0.9750000000000005 0
445 1.599999999999999 1.05 0
446 1.499999999999999 1.200000000000001 0
447 1.499999999999999 1.125000000000001 0
448 1.599999999999999 1.190000000000001 0
449 1.499999999999999 1.350000000000001 0
450 1.499999999999999 1.275000000000001 0
451 1.599999999999999 1.330000000000001 0
452 1.499999999999999 1.425000000000001 0
453 1.8 0.06000000000000005 0
454 1.7 0.1299999999999999 0
455 1.7 0.06499999999999995 0
456 1.8 0.1799999999999999 0
457 1.7 0.26 0
458 1.7 0.1949999999999998 0
459 1.8 0.3 0
460 1.7 0.3900000000000001 0
461 1.7 0.3250000000000001 0
462 1.8 0.42 0
463 1.7 0.5200000000000001 0
464 1.7 0.4550000000000002 0
465 1.8 0.54 0
466 1.7 0.6500000000000001 0
467 1.7 0.5850000000000002 0
468 1.8 0.6600000000000001 0
469 1.7 0.7800000000000002 0
470 1.7 0.7150000000000003 0
471 1.8 0.7800000000000002 0
472 1.7 0.9100000000000004 0
473 1.7 0.8450000000000004 0
474 1.8 0.9000000000000004 0
475 1.7 1.04 0
476 1.7 0.9750000000000005 0
477 1.8 1.02 0
478 1.7 1.170000000000001 0
479 1.7 1.105 0
480 1.8 1.14 0
481 1.7 1.235000000000001 0
482 1.9 0.1099999999999999 0
483 1.9 0.05500000000000016 0
484 1.9 0.22 0
485 1.9 0.165 0
486 1.9 0.3300000000000001 0
487 1.9 0.2750000000000001 0
488 1.9 0.4399999999999999 0
489 1.9 0.385 0
490 1.9 0.55 0
491 1.9 0.495 0
492 1.9 0.6600000000000001 0
493 1.9 0.6050000000000001 0
494 1.9 0.7700000000000002 0
495 1.9 0.7150000000000002 0
496 1.9 0.8800000000000002 0
497 1.9 0.8250000000000002 0
498 1.9 0.9900000000000002 0
499 1.9 0.9350000000000003 0
500 1.9 1.045 0
501 2.12 1.2 0
502 1.939999999999999 1.400000000000001 0
503 1.759999999999999 1.600000000000001 0
504 1.579999999999999 1.800000000000001 0
505 1.399999999999999 2.000000000000001 0
506 1.219999999999998 2.200000000000002 0
507 1.039999999999998 2.400000000000001 0
508 0.8599999999999985 2.600000000000001 0
509 0.6799999999999988 2.800000000000001 0
510 2.44 1.2 0
511 2.279999999999999 1.400000000000001 0
512 2.119999999999999 1.600000000000001 0
513 1.959999999999999 1.800000000000001 0
514 1.799999999999999 2.000000000000001 0
515 1.639999999999999 2.200000000000001 0
516 1.479999999999999 2.400000000000001 0
517 1.319999999999999 2.600000000000001 0
518 1.159999999999999 2.800000000000001 0
519 2.76 1.2 0
520 2.62 1.4 0
521 2.479999999999999 1.600000000000001 0
522 2.339999999999999 1.800000000000001 0
523 2.199999999999999 2.000000000000001 0
524 2.059999999999999 2.200000000000001 0
525 1.919999999999999 2.400000000000001 0
526 1.779999999999999 2.600000000000001 0
527 1.639999999999999 2.800000000000001 0
528 3.08 1.2 0
529 2.96 1.4 0
530 2.839999999999999 1.600000000000001 0
531 2.719999999999999 1.800000000000001 0
532 2.599999999999999 2.000000000000001 0
533 2.479999999999999 2.200000000000001 0
534 2.359999999999999 2.400000000000001 0
535 2.239999999999999 2.600000000000001 0
536 2.119999999999999 2.800000000000001 0
537 3.4 1.2 0
538 3.3 1.4 0
539 3.199999999999999 1.600000000000001 0
540 3.099999999999999 1.800000000000001 0
541 2.999999999999999 2.000000000000001 0
542 2.899999999999999 2.200000000000001 0
543 2.799999999999999 2.400000000000001 0
544 2.699999999999999 2.600000000000001 0
545 2.6 2.800000000000001 0
546 3.72 1.2 0
547 3.64 1.4 0
548 3.56 1.600000000000001 0
549 3.48 1.800000000000001 0
550 3.399999999999999 2.000000000000001 0
551 3.319999999999999 2.200000000000001 0
552 3.239999999999999 2.4 0
553 3.159999999999999 2.600000000000001 0
554 3.08 2.800000000000001 0
555 4.039999999999999 1.2 0
556 3.98 1.4 0
557 3.919999999999999 1.600000000000001 0
558 3.859999999999999 1.800000000000001 0
559 3.799999999999999 2 0
560 3.74 2.200000000000001 0
561 3.68 2.4 0
562 3.62 2.600000000000001 0
563 3.56 2.8 0
564 4.359999999999999 1.2 0
565 4.319999999999999 1.4 0
566 4.279999999999999 1.600000000000001 0
567 4.239999999999999 1.8 0
568 4.199999999999999 2 0
569 4.16 2.2 0
570 4.12 2.4 0
571 4.08 2.600000000000001 0
572 4.039999999999999 2.8 0
573 4.679999999999999 1.2 0
574 4.659999999999999 1.4 0
575 4.639999999999999 1.6 0
576 4.619999999999999 1.8 0
577 4.6 2 0
578 4.58 2.2 0
579 4.56 2.4 0
580 4.54 2.6 0
581 4.52 2.8 0
582 2.21 1.1 0
583 1.96 1.2 0
584 2.055 1.1 0
585 2.029999999999999 1.3 0
586 1.769999999999999 1.400000000000001 0
587 1.864999999999999 1.3 0
588 1.849999999999999 1.500000000000001 0
589 1.579999999999999 1.600000000000001 0
590 1.674999999999999 1.500000000000001 0
591 1.669999999999999 1.700000000000001 0
592 1.389999999999999 1.800000000000002 0
593 1.484999999999999 1.700000000000001 0
594 1.489999999999999 1.900000000000001 0
595 1.199999999999998 2.000000000000002 0
596 1.294999999999999 1.900000000000002 0
597 1.309999999999998 2.100000000000001 0
598 1.009999999999998 2.200000000000002 0
599 1.104999999999999 2.100000000000001 0
600 1.129999999999998 2.300000000000001 0
601 0.8199999999999985 2.400000000000001 0
602 0.9149999999999983 2.300000000000001 0
603 0.9499999999999984 2.500000000000001 0
604 0.629999999999999 2.600000000000001 0
605 0.7249999999999988 2.500000000000001 0
606 0.7699999999999987 2.700000000000001 0
607 0.4399999999999991 2.800000000000001 0
608 0.5349999999999984 2.700000000000001 0
609 0.5899999999999994 2.9 0
610 0.3449999999999989 2.9 0
611 2.52 1.1 0
612 2.28 1.2 0
613 2.365 1.1 0
614 2.359999999999999 1.3 0
615 2.109999999999999 1.400000000000001 0
616 2.194999999999999 1.3 0
617 2.199999999999999 1.500000000000001 0
618 1.939999999999999 1.600000000000001 0
619 2.024999999999999 1.500000000000001 0
620 2.039999999999999 1.700000000000001 0
621 1.769999999999999 1.800000000000001 0
622 1.854999999999999 1.700000000000001 0
623 1.879999999999999 1.900000000000001 0
624 1.599999999999999 2.000000000000001 0
625 1.684999999999999 1.900000000000001 0
626 1.719999999999999 2.100000000000001 0
627 1.429999999999998 2.200000000000001 0
628 1.514999999999999 2.100000000000001 0
629 1.559999999999999 2.300000000000001 0
630 1.259999999999998 2.400000000000001 0
631 1.344999999999998 2.300000000000001 0
632 1.399999999999999 2.500000000000001 0
633 1.089999999999999 2.600000000000001 0
634 1.174999999999998 2.500000000000001 0
635 1.239999999999999 2.700000000000001 0
636 0.9199999999999988 2.800000000000001 0
637 1.004999999999999 2.700000000000001 0
638 1.079999999999999 2.9 0
639 0.8349999999999995 2.9 0
640 2.83 1.1 0
641 2.6 1.2 0
642 2.675 1.1 0
643 2.69 1.3 0
644 2.449999999999999 1.400000000000001 0
645 2.524999999999999 1.3 0
646 2.549999999999999 1.5 0
647 2.299999999999999 1.600000000000001 0
648 2.374999999999999 1.500000000000001 0
649 2.409999999999999 1.700000000000001 0
650 2.149999999999999 1.800000000000001 0
651 2.224999999999999 1.700000000000001 0
652 2.269999999999999 1.900000000000001 0
653 1.999999999999999 2.000000000000001 0
654 2.074999999999999 1.900000000000001 0
655 2.129999999999999 2.100000000000001 0
656 1.849999999999999 2.200000000000001 0
657 1.924999999999999 2.100000000000001 0
658 1.989999999999999 2.300000000000001 0
659 1.699999999999999 2.400000000000001 0
660 1.774999999999999 2.300000000000001 0
661 1.849999999999999 2.500000000000001 0
662 1.549999999999999 2.600000000000001 0
663 1.624999999999999 2.500000000000001 0
664 1.709999999999999 2.700000000000001 0
665 1.399999999999999 2.800000000000001 0
666 1.474999999999999 2.700000000000001 0
667 1.569999999999999 2.9 0
668 1.324999999999999 2.9 0
669 3.14 1.1 0
670 2.92 1.2 0
671 2.985 1.1 0
672 3.02 1.3 0
673 2.79 1.4 0
674 2.855 1.3 0
675 2.899999999999999 1.5 0
676 2.659999999999999 1.600000000000001 0
677 2.725 1.5 0
678 2.779999999999999 1.700000000000001 0
679 2.529999999999999 1.800000000000001 0
680 2.594999999999999 1.700000000000001 0
681 2.659999999999999 1.900000000000001 0
682 2.399999999999999 2.000000000000001 0
683 2.464999999999999 1.900000000000001 0
684 2.539999999999999 2.100000000000001 0
685 2.269999999999999 2.200000000000001 0
686 2.334999999999999 2.100000000000001 0
687 2.419999999999999 2.300000000000001 0
688 2.139999999999999 2.400000000000001 0
689 2.204999999999999 2.300000000000001 0
690 2.299999999999999 2.500000000000001 0
691 2.009999999999999 2.600000000000001 0
692 2.074999999999999 2.500000000000001 0
693 2.179999999999999 2.700000000000001 0
694 1.879999999999999 2.800000000000001 0
695 1.944999999999999 2.700000000000001 0
696 2.06 2.9 0
697 1.815 2.9 0
698 3.45 1.1 0
699 3.24 1.2 0
700 3.295 1.1 0
701 3.35 1.3 0
702 3.13 1.4 0
703 3.185 1.3 0
704 3.25 1.5 0
705 3.02 1.600000000000001 0
706 3.074999999999999 1.5 0
707 3.149999999999999 1.700000000000001 0
708 2.909999999999999 1.800000000000001 0
709 2.964999999999999 1.700000000000001 0
710 3.049999999999999 1.900000000000001 0
711 2.799999999999999 2.000000000000001 0
712 2.854999999999999 1.900000000000001 0
713 2.949999999999999 2.100000000000001 0
714 2.689999999999999 2.200000000000001 0
715 2.744999999999999 2.100000000000001 0
716 2.849999999999999 2.300000000000001 0
717 2.579999999999999 2.400000000000001 0
718 2.634999999999999 2.300000000000001 0
719 2.749999999999999 2.500000000000001 0
720 2.469999999999999 2.600000000000001 0
721 2.524999999999999 2.500000000000001 0
722 2.649999999999999 2.700000000000001 0
723 2.359999999999999 2.800000000000001 0
724 2.414999999999999 2.700000000000001 0
725 2.55 2.9 0
726 2.305 2.9 0
727 3.76 1.1 0
728 3.56 1.2 0
729 3.605 1.1 0
730 3.68 1.3 0
731 3.47 1.4 0
732 3.515 1.3 0
733 3.6 1.5 0
734 3.38 1.600000000000001 0
735 3.425 1.5 0
736 3.52 1.700000000000001 0
737 3.289999999999999 1.800000000000001 0
738 3.335 1.700000000000001 0
739 3.44 1.900000000000001 0
740 3.199999999999999 2.000000000000001 0
741 3.244999999999999 1.900000000000001 0
742 3.359999999999999 2.100000000000001 0
743 3.109999999999999 2.200000000000001 0
744 3.154999999999999 2.100000000000001 0
745 3.279999999999999 2.300000000000001 0
746 3.019999999999999 2.4 0
747 3.065 2.300000000000001 0
748 3.199999999999999 2.5 0
749 2.929999999999999 2.600000000000001 0
750 2.974999999999999 2.500000000000001 0
751 3.12 2.700000000000001 0
752 2.84 2.800000000000001 0
753 2.884999999999999 2.7 0
754 3.04 2.9 0
755 2.795 2.9 0
756 4.07 1.1 0
757 3.88 1.2 0
758 3.915 1.1 0
759 4.01 1.3 0
760 3.81 1.4 0
761 3.845 1.3 0
762 3.95 1.5 0
763 3.739999999999999 1.600000000000001 0
764 3.775 1.5 0
765 3.89 1.700000000000001 0
766 3.669999999999999 1.800000000000001 0
767 3.705 1.700000000000001 0
768 3.829999999999999 1.900000000000001 0
769 3.6 2 0
770 3.635 1.900000000000001 0
771 3.77 2.100000000000001 0
772 3.529999999999999 2.200000000000001 0
773 3.565 2.100000000000001 0
774 3.71 2.300000000000001 0
775 3.46 2.4 0
776 3.494999999999999 2.300000000000001 0
777 3.649999999999999 2.5 0
778 3.39 2.600000000000001 0
779 3.425 2.5 0
780 3.59 2.7 0
781 3.32 2.800000000000001 0
782 3.355 2.700000000000001 0
783 3.53 2.9 0
784 3.285 2.9 0
785 4.38 1.1 0
786 4.199999999999999 1.2 0
787 4.225 1.1 0
788 4.34 1.3 0
789 4.149999999999999 1.4 0
790 4.175 1.3 0
791 4.299999999999999 1.5 0
792 4.1 1.600000000000001 0
793 4.125 1.5 0
794 4.26 1.7 0
795 4.049999999999999 1.8 0
796 4.074999999999999 1.700000000000001 0
797 4.22 1.9 0
798 4 2 0
799 4.024999999999999 1.9 0
800 4.18 2.100000000000001 0
801 3.95 2.200000000000001 0
802 3.975 2.100000000000001 0
803 4.14 2.3 0
804 3.9 2.4 0
805 3.925 2.3 0
806 4.1 2.5 0
807 3.85 2.600000000000001 0
808 3.875 2.5 0
809 4.06 2.7 0
810 3.8 2.8 0
811 3.825 2.7 0
812 4.02 2.9 0
813 3.775 2.9 0
814 4.69 1.1 0
815 4.52 1.2 0
816 4.535 1.1 0
817 4.669999999999999 1.3 0
818 4.489999999999999 1.4 0
819 4.504999999999999 1.3 0
820 4.649999999999999 1.5 0
821 4.459999999999999 1.6 0
822 4.475 1.5 0
823 4.629999999999999 1.7 0
824 4.43 1.8 0
825 4.444999999999999 1.7 0
826 4.609999999999999 1.9 0
827 4.399999999999999 2 0
828 4.414999999999999 1.9 0
829 4.59 2.1 0
830 4.369999999999999 2.2 0
831 4.385 2.1 0
832 4.57 2.3 0
833 4.34 2.4 0
834 4.355 2.3 0
835 4.55 2.5 0
836 4.31 2.600000000000001 0
837 4.325 2.5 0
838 4.53 2.7 0
839 4.279999999999999 2.8 0
840 4.295 2.7 0
841 4.51 2.9 0
842 4.265 2.9 0
843 4.84 1.2 0
844 4.845 1.1 0
845 4.83 1.4 0
846 4.834999999999999 1.3 0
847 4.819999999999999 1.6 0
848 4.824999999999999 1.5 0
849 4.81 1.8 0
850 4.815 1.7 0
851 4.8 2 0
852 4.805 1.9 0
853 4.79 2.2 0
854 4.795 2.1 0
855 4.779999999999999 2.4 0
856 4.785 2.3 0
857 4.77 2.6 0
858 4.775 2.5 0
859 4.76 2.8 0
860 4.765000000000001 2.7 0
861 4.755 2.9 0
$EndNodes
$Elements
260
1 8 2 8 1 1 7 16
2 8 2 8 1 7 8 17
3 8 2 8 1 8 9 18
4 8 2 8 1 9 10 19
5 8 2 8 1 10 11 20
6 8 2 8 1 11 12 21
7 8 2 8 1 12 13 22
8 8 2 8 1 13 14 23
9 8 2 8 1 14 15 24
10 8 2 8 1 15 2 25
11 8 2 9 2 2 26 35
12 8 2 9 2 26 27 36
13 8 2 9 2 27 28 37
14 8 2 9 2 28 29 38
15 8 2 9 2 29 30 39
16 8 2 9 2 30 31 40
17 8 2 9 2 31 32 41
18 8 2 9 2 32 33 42
19 8 2 9 2 33 34 43
20 8 2 9 2 34 3 44
21 8 2 9 3 3 45 54
22 8 2 9 3 45 46 55
23 8 2 9 3 46 47 56
24 8 2 9 3 47 48 57
25 8 2 9 3 48 49 58
26 8 2 9 3 49 50 59
27 8 2 9 3 50 51 60
28 8 2 9 3 51 52 61
29 8 2 9 3 52 53 62
30 8 2 9 3 53 4 63
31 8 2 8 4 4 64 73
32 8 2 8 4 64 65 74
33 8 2 8 4 65 66 75
34 8 2 8 4 66 67 76
35 8 2 8 4 67 68 77
36 8 2 8 4 68 69 78
37 8 2 8 4 69 70 79
38 8 2 8 4 70 71 80
39 8 2 8 4 71 72 81
40 8 2 8 4 72 5 82
41 8 2 10 5 5 83 92
42 8 2 10 5 83 84 93
43 8 2 10 5 84 85 94
44 8 2 10 5 85 86 95
45 8 2 10 5 86 87 96
46 8 2 10 5 87 88 97
47 8 2 10 5 88 89 98
48 8 2 10 5 89 90 99
49 8 2 10 5 90 91 100
50 8 2 10 5 91 6 101
51 8 2 8 6 6 102 111
52 8 2 8 6 102 103 112
53 8 2 8 6 103 104 113
54 8 2 8 6 104 105 114
55 8 2 8 6 105 106 115
56 8 2 8 6 106 107 116
57 8 2 8 6 107 108 117
58 8 2 8 6 108 109 118
59 8 2 8 6 109 110 119
60 8 2 8 6 110 1 120
61 10 2 11 1 1 7 140 110 16 221 222 120 223
62 10 2 11 1 110 140 141 109 222 224 225 119 226
63 10 2 11 1 109 141 142 108 225 227 228 118 229
64 10 2 11 1 108 142 143 107 228 230 231 117 232
65 10 2 11 1 107 143 144 106 231 233 234 116 235
66 10 2 11 1 106 144 145 105 234 236 237 115 238
67 10 2 11 1 105 145 146 104 237 239 240 114 241
68 10 2 11 1 104 146 147 103 240 242 243 113 244
69 10 2 11 1 103 147 148 102 243 245 246 112 247
70 10 2 11 1 102 148 129 6 246 248 139 111 249
71 10 2 11 1 7 8 149 140 17 250 251 221 252
72 10 2 11 1 140 149 150 141 251 253 254 224 255
73 10 2 11 1 141 150 151 142 254 256 257 227 258
74 10 2 11 1 142 151 152 143 257 259 260 230 261
75 10 2 11 1 143 152 153 144 260 262 263 233 264
76 10 2 11 1 144 153 154 145 263 265 266 236 267
77 10 2 11 1 145 154 155 146 266 268 269 239 270
78 10 2 11 1 146 155 156 147 269 271 272 242 273
79 10 2 11 1 147 156 157 148 272 274 275 245 276
80 10 2 11 1 148 157 128 129 275 277 138 248 278
81 10 2 11 1 8 9 158 149 18 279 280 250 281
82 10 2 11 1 149 158 159 150 280 282 283 253 284
83 10 2 11 1 150 159 160 151 283 285 286 256 287
84 10 2 11 1 151 160 161 152 286 288 289 259 290
85 10 2 11 1 152 161 162 153 289 291 292 262 293
86 10 2 11 1 153 162 163 154 292 294 295 265 296
87 10 2 11 1 154 163 164 155 295 297 298 268 299
88 10 2 11 1 155 164 165 156 298 300 301 271 302
89 10 2 11 1 156 165 166 157 301 303 304 274 305
90 10 2 11 1 157 166 127 128 304 306 137 277 307
91 10 2 11 1 9 10 167 158 19 308 309 279 310
92 10 2 11 1 158 167 168 159 309 311 312 282 313
93 10 2 11 1 159 168 169 160 312 314 315 285 316
94 10 2 11 1 160 169 170 161 315 317 318 288 319
95 10 2 11 1 161 170 171 162 318 320 321 291 322
96 10 2 11 1 162 171 172 163 321 323 324 294 325
97 10 2 11 1 163 172 173 164 324 326 327 297 328
98 10 2 11 1 164 173 174 165 327 329 330 300 331
99 10 2 11 1 165 174 175 166 330 332 333 303 334
100 10 2 11 1 166 175 126 127 333 335 136 306 336
101 10 2 11 1 10 11 176 167 20 337 338 308 339
102 10 2 11 1 167 176 177 168 338 340 341 311 342
103 10 2 11 1 168 177 178 169 341 343 344 314 345
104 10 2 11 1 169 178 179 170 344 346 347 317 348
105 10 2 11 1 170 179 180 171 347 349 350 320 351
106 10 2 11 1 171 180 181 172 350 352 353 323 354
107 10 2 11 1 172 181 182 173 353 355 356 326 357
108 10 2 11 1 173 182 183 174 356 358 359 329 360
109 10 2 11 1 174 183 184 175 359 361 362 332 363
110 10 2 11 1 175 184 125 126 362 364 135 335 365
111 10 2 11 1 11 12 185 176 21 366 367 337 368
112 10 2 11 1 176 185 186 177 367 369 370 340 371
113 10 2 11 1 177 186 187 178 370 372 373 343 374
114 10 2 11 1 178 187 188 179 373 375 376 346 377
115 10 2 11 1 179 188 189 180 376 378 379 349 380
116 10 2 11 1 180 189 190 181 379 381 382 352 383
117 10 2 11 1 181 190 191 182 382 384 385 355 386
118 10 2 11 1 182 191 192 183 385 387 388 358 389
119 10 2 11 1 183 192 193 184 388 390 391 361 392
120 10 2 11 1 184 193 124 125 391 393 134 364 394
121 10 2 11 1 12 13 194 185 22 395 396 366 397
122 10 2 11 1 185 194 195 186 396 398 399 369 400
123 10 2 11 1 186 195 196 187 399 401 402 372 403
124 10 2 11 1 187 196 197 188 402 404 405 375 406
125 10 2 11 1 188 197 198 189 405 407 408 378 409
126 10 2 11 1 189 198 199 190 408 410 411 381 412
127 10 2 11 1 190 199 200 191 411 413 414 384 415
128 10 2 11 1 191 200 201 192 414 416 417 387 418
129 10 2 11 1 192 201 202 193 417 419 420 390 421
130 10 2 11 1 193 202 123 124 420 422 133 393 423
131 10 2 11 1 13 14 203 194 23 424 425 395 426
132 10 2 11 1 194 203 204 195 425 427 428 398 429
133 10 2 11 1 195 204 205 196 428 430 431 401 432
134 10 2 11 1 196 205 206 197 431 433 434 404 435
135 10 2 11 1 197 206 207 198 434 436 437 407 438
136 10 2 11 1 198 207 208 199 437 439 440 410 441
137 10 2 11 1 199 208 209 200 440 442 443 413 444
138 10 2 11 1 200 209 210 201 443 445 446 416 447
139 10 2 11 1 201 210 211 202 446 448 449 419 450
140 10 2 11 1 202 211 122 123 449 451 132 422 452
141 10 2 11 1 14 15 212 203 24 453 454 424 455
142 10 2 11 1 203 212 213 204 454 456 457 427 458
143 10 2 11 1 204 213 214 205 457 459 460 430 461
144 10 2 11 1 205 214 215 206 460 462 463 433 464
145 10 2 11 1 206 215 216 207 463 465 466 436 467
146 10 2 11 1 207 216 217 208 466 468 469 439 470
147 10 2 11 1 208 217 218 209 469 471 472 442 473
148 10 2 11 1 209 218 219 210 472 474 475 445 476
149 10 2 11 1 210 219 220 211 475 477 478 448 479
150 10 2 11 1 211 220 121 122 478 480 131 451 481
151 10 2 11 1 15 2 26 212 25 35 482 453 483
152 10 2 11 1 212 26 27 213 482 36 484 456 485
153 10 2 11 1 213 27 28 214 484 37 486 459 487
154 10 2 11 1 214 28 29 215 486 38 488 462 489
155 10 2 11 1 215 29 30 216 488 39 490 465 491
156 10 2 11 1 216 30 31 217 490 40 492 468 493
157 10 2 11 1 217 31 32 218 492 41 494 471 495
158 10 2 11 1 218 32 33 219 494 42 496 474 497
159 10 2 11 1 219 33 34 220 496 43 498 477 499
160 10 2 11 1 220 34 3 121 498 44 130 480 500
161 10 2 11 2 3 45 501 121 54 582 583 130 584
162 10 2 11 2 121 501 502 122 583 585 586 131 587
163 10 2 11 2 122 502 503 123 586 588 589 132 590
164 10 2 11 2 123 503 504 124 589 591 592 133 593
165 10 2 11 2 124 504 505 125 592 594 595 134 596
166 10 2 11 2 125 505 506 126 595 597 598 135 599
167 10 2 11 2 126 506 507 127 598 600 601 136 602
168 10 2 11 2 127 507 508 128 601 603 604 137 605
169 10 2 11 2 128 508 509 129 604 606 607 138 608
170 10 2 11 2 129 509 91 6 607 609 101 139 610
171 10 2 11 2 45 46 510 501 55 611 612 582 613
172 10 2 11 2 501 510 511 502 612 614 615 585 616
173 10 2 11 2 502 511 512 503 615 617 618 588 619
174 10 2 11 2 503 512 513 504 618 620 621 591 622
175 10 2 11 2 504 513 514 505 621 623 624 594 625
176 10 2 11 2 505 514 515 506 624 626 627 597 628
177 10 2 11 2 506 515 516 507 627 629 630 600 631
178 10 2 11 2 507 516 517 508 630 632 633 603 634
179 10 2 11 2 508 517 518 509 633 635 636 606 637
180 10 2 11 2 509 518 90 91 636 638 100 609 639
181 10 2 11 2 46 47 519 510 56 640 641 611 642
182 10 2 11 2 510 519 520 511 641 643 644 614 645
183 10 2 11 2 511 520 521 512 644 646 647 617 648
184 10 2 11 2 512 521 522 513 647 649 650 620 651
185 10 2 11 2 513 522 523 514 650 652 653 623 654
186 10 2 11 2 514 523 524 515 653 655 656 626 657
187 10 2 11 2 515 524 525 516 656 658 659 629 660
188 10 2 11 2 516 525 526 517 659 661 662 632 663
189 10 2 11 2 517 526 527 518 662 664 665 635 666
190 10 2 11 2 518 527 89 90 665 667 99 638 668
191 10 2 11 2 47 48 528 519 57 669 670 640 671
192 10 2 11 2 519 528 529 520 670 672 673 643 674
193 10 2 11 2 520 529 530 521 673 675 676 646 677
194 10 2 11 2 521 530 531 522 676 678 679 649 680
195 10 2 11 2 522 531 532 523 679 681 682 652 683
196 10 2 11 2 523 532 533 524 682 684 685 655 686
197 10 2 11 2 524 533 534 525 685 687 688 658 689
198 10 2 11 2 525 534 535 526 688 690 691 661 692
199 10 2 11 2 526 535 536 527 691 693 694 664 695
200 10 2 11 2 527 536 88 89 694 696 98 667 697
201 10 2 11 2 48 49 537 528 58 698 699 669 700
202 10 2 11 2 528 537 538 529 699 701 702 672 703
203 10 2 11 2 529 538 539 530 702 704 705 675 706
204 10 2 11 2 530 539 540 531 705 707 708 678 709
205 10 2 11 2 531 540 541 532 708 710 711 681 712
206 10 2 11 2 532 541 542 533 711 713 714 684 715
207 10 2 11 2 533 542 543 534 714 716 717 687 718
208 10 2 11 2 534 543 544 535 717 719 720 690 721
209 10 2 11 2 535 544 545 536 720 722 723 693 724
210 10 2 11 2 536 545 87 88 723 725 97 696 726
211 10 2 11 2 49 50 546 537 59 727 728 698 729
212 10 2 11 2 537 546 547 538 728 730 731 701 732
213 10 2 11 2 538 547 548 539 731 733 734 704 735
214 10 2 11 2 539 548 549 540 734 736 737 707 738
215 10 2 11 2 540 549 550 541 737 739 740 710 741
216 10 2 11 2 541 550 551 542 740 742 743 713 744
217 10 2 11 2 542 551 552 543 743 745 746 716 747
218 10 2 11 2 543 552 553 544 746 748 749 719 750
219 10 2 11 2 544 553 554 545 749 751 752 722 753
220 10 2 11 2 545 554 86 87 752 754 96 725 755
221 10 2 11 2 50 51 555 546 60 756 757 727 758
222 10 2 11 2 546 555 556 547 757 759 760 730 761
223 10 2 11 2 547 556 557 548 760 762 763 733 764
224 10 2 11 2 548 557 558 549 763 765 766 736 767
225 10 2 11 2 549 558 559 550 766 768 769 739 770
226 10 2 11 2 550 559 560 551 769 771 772 742 773
227 10 2 11 2 551 560 561 552 772 774 775 745 776
228 10 2 11 2 552 561 562 553 775 777 778 748 779
229 10 2 11 2 553 562 563 554 778 780 781 751 782
230 10 2 11 2 554 563 85 86 781 783 95 754 784
231 10 2 11 2 51 52 564 555 61 785 786 756 787
232 10 2 11 2 555 564 565 556 786 788 789 759 790
233 10 2 11 2 556 565 566 557 789 791 792 762 793
234 10 2 11 2 557 566 567 558 792 794 795 765 796
235 10 2 11 2 558 567 568 559 795 797 798 768 799
236 10 2 11 2 559 568 569 560 798 800 801 771 802
237 10 2 11 2 560 569 570 561 801 803 804 774 805
238 10 2 11 2 561 570 571 562 804 806 807 777 808
239 10 2 11 2 562 571 572 563 807 809 810 780 811
240 10 2 11 2 563 572 84 85 810 812 94 783 813
241 10 2 11 2 52 53 573 564 62 814 815 785 816
242 10 2 11 2 564 573 574 565 815 817 818 788 819
243 10 2 11 2 565 574 575 566 818 820 821 791 822
244 10 2 11 2 566 575 576 567 821 823 824 794 825
245 10 2 11 2 567 576 577 568 824 826 827 797 828
246 10 2 11 2 568 577 578 569 827 829 830 800 831
247 10 2 11 2 569 578 579 570 830 832 833 803 834
248 10 2 11 2 570 579 580 571 833 835 836 806 837
249 10 2 11 2 571 580 581 572 836 838 839 809 840
250 10 2 11 2 572 581 83 84 839 841 93 812 842
251 10 2 11 2 53 4 64 573 63 73 843 814 844
252 10 2 11 2 573 64 65 574 843 74 845 817 846
253 10 2 11 2 574 65 66 575 845 75 847 820 848
254 10 2 11 2 575 66 67 576 847 76 849 823 850
255 10 2 11 2 576 67 68 577 849 77 851 826 852
256 10 2 11 2 577 68 69 578 851 78 853 829 854
257 10 2 11 2 578 69 70 579 853 79 855 832 856
258 10 2 11 2 579 70 71 580 855 80 857 835 858
259 10 2 11 2 580 71 72 581 857 81 859 838 860
260 10 2 11 2 581 72 5 83 859 82 92 841 861
$EndElements
