$MeshFormat
2.2 0 8
$EndMeshFormat
$PhysicalNames
4
1 8 "adb"
1 9 "cold"
1 10 "hot"
2 11 "area"
$EndPhysicalNames
$Nodes
1891
1 0 0 0
2 2 0 0
3 2 1 0
4 5 1 0
5 5 3 0
6 0 3 0
7 0.1333333333333333 0 0
8 0.2666666666666667 0 0
9 0.4 0 0
10 0.5333333333333333 0 0
11 0.6666666666666666 0 0
12 0.8 0 0
13 0.9333333333333333 0 0
14 1.066666666666667 0 0
15 1.2 0 0
16 1.333333333333333 0 0
17 1.466666666666667 0 0
18 1.6 0 0
19 1.733333333333333 0 0
20 1.866666666666667 0 0
21 0.06666666666666667 0 0
22 0.2 0 0
23 0.3333333333333334 0 0
24 0.4666666666666667 0 0
25 0.6 0 0
26 0.7333333333333333 0 0
27 0.8666666666666667 0 0
28 1 0 0
29 1.133333333333333 0 0
30 1.266666666666667 0 0
31 1.4 0 0
32 1.533333333333333 0 0
33 1.666666666666667 0 0
34 1.8 0 0
35 1.933333333333333 0 0
36 2 0.06666666666666667 0
37 2 0.1333333333333333 0
38 2 0.2 0
39 2 0.2666666666666667 0
40 2 0.3333333333333333 0
41 2 0.4 0
42 2 0.4666666666666667 0
43 2 0.5333333333333333 0
44 2 0.6 0
45 2 0.6666666666666666 0
46 2 0.7333333333333333 0
47 2 0.8 0
48 2 0.8666666666666667 0
49 2 0.9333333333333333 0
50 2 0.03333333333333333 0
51 2 0.09999999999999999 0
52 2 0.1666666666666667 0
53 2 0.2333333333333333 0
54 2 0.3 0
55 2 0.3666666666666666 0
56 2 0.4333333333333333 0
57 2 0.5 0
58 2 0.5666666666666667 0
59 2 0.6333333333333333 0
60 2 0.7 0
61 2 0.7666666666666667 0
62 2 0.8333333333333334 0
63 2 0.9 0
64 2 0.9666666666666667 0
65 2.2 1 0
66 2.4 1 0
67 2.6 1 0
68 2.8 1 0
69 3 1 0
70 3.2 1 0
71 3.4 1 0
72 3.6 1 0
73 3.8 1 0
74 4 1 0
75 4.199999999999999 1 0
76 4.4 1 0
77 4.6 1 0
78 4.8 1 0
79 2.1 1 0
80 2.3 1 0
81 2.5 1 0
82 2.7 1 0
83 2.9 1 0
84 3.1 1 0
85 3.3 1 0
86 3.5 1 0
87 3.7 1 0
88 3.9 1 0
89 4.1 1 0
90 4.300000000000001 1 0
91 4.5 1 0
92 4.699999999999999 1 0
93 4.9 1 0
94 5 1.133333333333333 0
95 5 1.266666666666667 0
96 5 1.4 0
97 5 1.533333333333333 0
98 5 1.666666666666667 0
99 5 1.8 0
100 5 1.933333333333333 0
101 5 2.066666666666666 0
102 5 2.2 0
103 5 2.333333333333333 0
104 5 2.466666666666667 0
105 5 2.6 0
106 5 2.733333333333333 0
107 5 2.866666666666667 0
108 5 1.066666666666667 0
109 5 1.2 0
110 5 1.333333333333333 0
111 5 1.466666666666667 0
112 5 1.6 0
113 5 1.733333333333333 0
114 5 1.866666666666667 0
115 5 2 0
116 5 2.133333333333333 0
117 5 2.266666666666667 0
118 5 2.4 0
119 5 2.533333333333333 0
120 5 2.666666666666667 0
121 5 2.8 0
122 5 2.933333333333334 0
123 4.666666666666667 3 0
124 4.333333333333333 3 0
125 4 3 0
126 3.666666666666667 3 0
127 3.333333333333333 3 0
128 3 3 0
129 2.666666666666667 3 0
130 2.333333333333333 3 0
131 2 3 0
132 1.666666666666667 3 0
133 1.333333333333333 3 0
134 1 3 0
135 0.6666666666666661 3 0
136 0.333333333333333 3 0
137 4.833333333333333 3 0
138 4.5 3 0
139 4.166666666666667 3 0
140 3.833333333333333 3 0
141 3.5 3 0
142 3.166666666666667 3 0
143 2.833333333333333 3 0
144 2.5 3 0
145 2.166666666666667 3 0
146 1.833333333333333 3 0
147 1.5 3 0
148 1.166666666666667 3 0
149 0.833333333333333 3 0
150 0.5 3 0
151 0.1666666666666661 3 0
152 0 2.8 0
153 0 2.6 0
154 0 2.4 0
155 0 2.2 0
156 0 2 0
157 0 1.8 0
158 0 1.6 0
159 0 1.4 0
160 0 1.2 0
161 0 1 0
162 0 0.8000000000000003 0
163 0 0.5999999999999996 0
164 0 0.3999999999999999 0
165 0 0.2000000000000002 0
166 0 2.9 0
167 0 2.7 0
168 0 2.5 0
169 0 2.3 0
170 0 2.1 0
171 0 1.9 0
172 0 1.7 0
173 0 1.5 0
174 0 1.3 0
175 0 1.1 0
176 0 0.9000000000000004 0
177 0 0.6999999999999997 0
178 0 0.5 0
179 0 0.3000000000000003 0
180 0 0.1000000000000001 0
181 1.866666666666666 1.133333333333334 0
182 1.733333333333333 1.266666666666667 0
183 1.599999999999999 1.400000000000001 0
184 1.466666666666665 1.533333333333335 0
185 1.333333333333332 1.666666666666668 0
186 1.199999999999998 1.800000000000002 0
187 1.066666666666665 1.933333333333335 0
188 0.9333333333333318 2.066666666666668 0
189 0.7999999999999985 2.200000000000002 0
190 0.6666666666666656 2.333333333333334 0
191 0.5333333333333323 2.466666666666668 0
192 0.3999999999999992 2.600000000000001 0
193 0.2666666666666662 2.733333333333334 0
194 0.1333333333333326 2.866666666666667 0
195 1.933333333333333 1.066666666666667 0
196 1.8 1.2 0
197 1.666666666666666 1.333333333333334 0
198 1.533333333333332 1.466666666666668 0
199 1.399999999999999 1.600000000000001 0
200 1.266666666666665 1.733333333333335 0
201 1.133333333333332 1.866666666666668 0
202 0.9999999999999987 2.000000000000001 0
203 0.8666666666666651 2.133333333333335 0
204 0.7333333333333321 2.266666666666668 0
205 0.599999999999999 2.400000000000001 0
206 0.4666666666666657 2.533333333333334 0
207 0.3333333333333328 2.666666666666667 0
208 0.1999999999999993 2.800000000000001 0
209 0.06666666666666643 2.933333333333334 0
210 0.1333333333333334 0.191111111111111 0
211 0.1333333333333334 0.3822222222222222 0
212 0.1333333333333334 0.5733333333333333 0
213 0.1333333333333334 0.7644444444444445 0
214 0.1333333333333333 0.9555555555555557 0
215 0.1333333333333332 1.146666666666667 0
216 0.1333333333333332 1.337777777777778 0
217 0.1333333333333332 1.528888888888889 0
218 0.1333333333333332 1.72 0
219 0.1333333333333331 1.911111111111111 0
220 0.1333333333333331 2.102222222222222 0
221 0.133333333333333 2.293333333333334 0
222 0.1333333333333329 2.484444444444445 0
223 0.1333333333333327 2.675555555555556 0
224 0.2666666666666666 0.1822222222222223 0
225 0.2666666666666665 0.3644444444444445 0
226 0.2666666666666665 0.5466666666666667 0
227 0.2666666666666665 0.728888888888889 0
228 0.2666666666666664 0.9111111111111113 0
229 0.2666666666666664 1.093333333333334 0
230 0.2666666666666664 1.275555555555556 0
231 0.2666666666666664 1.457777777777778 0
232 0.2666666666666664 1.64 0
233 0.2666666666666663 1.822222222222223 0
234 0.2666666666666663 2.004444444444445 0
235 0.2666666666666662 2.186666666666667 0
236 0.2666666666666661 2.36888888888889 0
237 0.2666666666666659 2.551111111111112 0
238 0.3999999999999999 0.1733333333333333 0
239 0.3999999999999999 0.3466666666666667 0
240 0.3999999999999998 0.5200000000000002 0
241 0.3999999999999997 0.6933333333333336 0
242 0.3999999999999997 0.8666666666666669 0
243 0.3999999999999997 1.04 0
244 0.3999999999999996 1.213333333333334 0
245 0.3999999999999995 1.386666666666667 0
246 0.3999999999999994 1.56 0
247 0.3999999999999994 1.733333333333334 0
248 0.3999999999999994 1.906666666666667 0
249 0.3999999999999994 2.080000000000001 0
250 0.3999999999999993 2.253333333333335 0
251 0.3999999999999992 2.426666666666668 0
252 0.5333333333333332 0.1644444444444446 0
253 0.5333333333333332 0.328888888888889 0
254 0.5333333333333332 0.4933333333333336 0
255 0.533333333333333 0.6577777777777781 0
256 0.533333333333333 0.8222222222222226 0
257 0.5333333333333329 0.9866666666666671 0
258 0.5333333333333328 1.151111111111112 0
259 0.5333333333333328 1.315555555555556 0
260 0.5333333333333328 1.480000000000001 0
261 0.5333333333333325 1.644444444444445 0
262 0.5333333333333325 1.80888888888889 0
263 0.5333333333333324 1.973333333333334 0
264 0.5333333333333323 2.137777777777779 0
265 0.5333333333333323 2.302222222222223 0
266 0.6666666666666665 0.1555555555555554 0
267 0.6666666666666665 0.3111111111111112 0
268 0.6666666666666664 0.466666666666667 0
269 0.6666666666666663 0.6222222222222227 0
270 0.6666666666666662 0.7777777777777782 0
271 0.6666666666666661 0.933333333333334 0
272 0.6666666666666661 1.088888888888889 0
273 0.666666666666666 1.244444444444445 0
274 0.6666666666666659 1.400000000000001 0
275 0.6666666666666659 1.555555555555556 0
276 0.6666666666666656 1.711111111111112 0
277 0.6666666666666656 1.866666666666668 0
278 0.6666666666666655 2.022222222222223 0
279 0.6666666666666654 2.177777777777779 0
280 0.7999999999999999 0.1466666666666667 0
281 0.7999999999999998 0.2933333333333334 0
282 0.7999999999999997 0.4400000000000004 0
283 0.7999999999999996 0.5866666666666671 0
284 0.7999999999999995 0.7333333333333338 0
285 0.7999999999999994 0.8800000000000007 0
286 0.7999999999999994 1.026666666666667 0
287 0.7999999999999993 1.173333333333334 0
288 0.7999999999999992 1.320000000000001 0
289 0.799999999999999 1.466666666666668 0
290 0.7999999999999989 1.613333333333334 0
291 0.7999999999999988 1.760000000000001 0
292 0.7999999999999987 1.906666666666668 0
293 0.7999999999999986 2.053333333333335 0
294 0.9333333333333332 0.1377777777777778 0
295 0.9333333333333331 0.2755555555555557 0
296 0.9333333333333331 0.4133333333333336 0
297 0.9333333333333329 0.5511111111111116 0
298 0.9333333333333329 0.6888888888888894 0
299 0.9333333333333327 0.8266666666666673 0
300 0.9333333333333327 0.9644444444444451 0
301 0.9333333333333326 1.102222222222223 0
302 0.9333333333333325 1.240000000000001 0
303 0.9333333333333323 1.377777777777779 0
304 0.9333333333333322 1.515555555555557 0
305 0.933333333333332 1.653333333333335 0
306 0.933333333333332 1.791111111111112 0
307 0.9333333333333318 1.92888888888889 0
308 1.066666666666666 0.1288888888888888 0
309 1.066666666666666 0.2577777777777779 0
310 1.066666666666666 0.3866666666666668 0
311 1.066666666666666 0.5155555555555559 0
312 1.066666666666666 0.6444444444444448 0
313 1.066666666666666 0.7733333333333339 0
314 1.066666666666666 0.9022222222222229 0
315 1.066666666666666 1.031111111111112 0
316 1.066666666666666 1.160000000000001 0
317 1.066666666666666 1.28888888888889 0
318 1.066666666666666 1.417777777777779 0
319 1.066666666666666 1.546666666666668 0
320 1.066666666666666 1.675555555555557 0
321 1.066666666666665 1.804444444444446 0
322 1.2 0.1200000000000001 0
323 1.2 0.2400000000000002 0
324 1.2 0.3600000000000002 0
325 1.2 0.4800000000000003 0
326 1.2 0.6000000000000004 0
327 1.2 0.7200000000000004 0
328 1.199999999999999 0.8400000000000005 0
329 1.199999999999999 0.9600000000000006 0
330 1.199999999999999 1.080000000000001 0
331 1.199999999999999 1.200000000000001 0
332 1.199999999999999 1.320000000000001 0
333 1.199999999999999 1.440000000000001 0
334 1.199999999999999 1.560000000000001 0
335 1.199999999999999 1.680000000000001 0
336 1.333333333333333 0.1111111111111112 0
337 1.333333333333333 0.2222222222222221 0
338 1.333333333333333 0.3333333333333335 0
339 1.333333333333333 0.4444444444444448 0
340 1.333333333333333 0.5555555555555561 0
341 1.333333333333333 0.6666666666666672 0
342 1.333333333333333 0.7777777777777783 0
343 1.333333333333333 0.8888888888888895 0
344 1.333333333333332 1.000000000000001 0
345 1.333333333333332 1.111111111111112 0
346 1.333333333333332 1.222222222222223 0
347 1.333333333333332 1.333333333333334 0
348 1.333333333333332 1.444444444444446 0
349 1.333333333333332 1.555555555555557 0
350 1.466666666666667 0.1022222222222222 0
351 1.466666666666667 0.2044444444444444 0
352 1.466666666666666 0.3066666666666669 0
353 1.466666666666666 0.4088888888888893 0
354 1.466666666666666 0.5111111111111115 0
355 1.466666666666666 0.6133333333333338 0
356 1.466666666666666 0.7155555555555559 0
357 1.466666666666666 0.8177777777777783 0
358 1.466666666666666 0.9200000000000006 0
359 1.466666666666666 1.022222222222223 0
360 1.466666666666666 1.124444444444445 0
361 1.466666666666666 1.226666666666668 0
362 1.466666666666666 1.32888888888889 0
363 1.466666666666666 1.431111111111112 0
364 1.6 0.09333333333333327 0
365 1.6 0.1866666666666665 0
366 1.6 0.2800000000000002 0
367 1.6 0.3733333333333337 0
368 1.6 0.4666666666666669 0
369 1.6 0.5600000000000003 0
370 1.6 0.6533333333333338 0
371 1.599999999999999 0.746666666666667 0
372 1.599999999999999 0.8400000000000004 0
373 1.599999999999999 0.9333333333333338 0
374 1.599999999999999 1.026666666666667 0
375 1.599999999999999 1.120000000000001 0
376 1.599999999999999 1.213333333333334 0
377 1.599999999999999 1.306666666666668 0
378 1.733333333333333 0.0844444444444441 0
379 1.733333333333333 0.1688888888888886 0
380 1.733333333333333 0.2533333333333334 0
381 1.733333333333333 0.3377777777777781 0
382 1.733333333333333 0.4222222222222223 0
383 1.733333333333333 0.5066666666666668 0
384 1.733333333333333 0.5911111111111114 0
385 1.733333333333333 0.6755555555555557 0
386 1.733333333333333 0.7600000000000002 0
387 1.733333333333333 0.8444444444444448 0
388 1.733333333333333 0.9288888888888893 0
389 1.733333333333333 1.013333333333334 0
390 1.733333333333333 1.097777777777778 0
391 1.733333333333333 1.182222222222223 0
392 1.866666666666667 0.07555555555555515 0
393 1.866666666666667 0.151111111111111 0
394 1.866666666666667 0.2266666666666667 0
395 1.866666666666667 0.3022222222222224 0
396 1.866666666666667 0.3777777777777779 0
397 1.866666666666667 0.4533333333333334 0
398 1.866666666666667 0.528888888888889 0
399 1.866666666666667 0.6044444444444446 0
400 1.866666666666667 0.6800000000000002 0
401 1.866666666666667 0.7555555555555556 0
402 1.866666666666667 0.8311111111111111 0
403 1.866666666666667 0.906666666666667 0
404 1.866666666666667 0.9822222222222224 0
405 1.866666666666667 1.057777777777778 0
406 0.1333333333333333 0.09555555555555539 0
407 0.06666666666666665 0.1955555555555555 0
408 0.06666666666666665 0.09777777777777752 0
409 0.1333333333333334 0.2866666666666666 0
410 0.06666666666666665 0.3911111111111111 0
411 0.06666666666666665 0.2933333333333334 0
412 0.1333333333333334 0.4777777777777777 0
413 0.06666666666666665 0.5866666666666664 0
414 0.06666666666666665 0.4888888888888888 0
415 0.1333333333333334 0.6688888888888889 0
416 0.06666666666666665 0.7822222222222224 0
417 0.06666666666666665 0.6844444444444443 0
418 0.1333333333333333 0.8600000000000001 0
419 0.06666666666666665 0.9777777777777779 0
420 0.06666666666666665 0.8800000000000002 0
421 0.1333333333333333 1.051111111111111 0
422 0.06666666666666665 1.173333333333334 0
423 0.06666666666666665 1.075555555555556 0
424 0.1333333333333332 1.242222222222223 0
425 0.06666666666666665 1.368888888888889 0
426 0.06666666666666665 1.271111111111111 0
427 0.1333333333333332 1.433333333333334 0
428 0.06666666666666665 1.564444444444445 0
429 0.06666666666666665 1.466666666666667 0
430 0.1333333333333332 1.624444444444445 0
431 0.06666666666666665 1.76 0
432 0.06666666666666665 1.662222222222222 0
433 0.1333333333333331 1.815555555555556 0
434 0.06666666666666654 1.955555555555556 0
435 0.06666666666666643 1.857777777777778 0
436 0.1333333333333331 2.006666666666667 0
437 0.06666666666666654 2.151111111111111 0
438 0.06666666666666654 2.053333333333333 0
439 0.1333333333333331 2.197777777777778 0
440 0.06666666666666643 2.346666666666667 0
441 0.06666666666666643 2.248888888888889 0
442 0.1333333333333329 2.388888888888889 0
443 0.06666666666666643 2.542222222222223 0
444 0.06666666666666643 2.444444444444445 0
445 0.1333333333333329 2.580000000000001 0
446 0.06666666666666643 2.737777777777778 0
447 0.06666666666666643 2.64 0
448 0.1333333333333324 2.771111111111112 0
449 0.06666666666666632 2.835555555555556 0
450 0.2666666666666666 0.09111111111111114 0
451 0.2 0.1866666666666665 0
452 0.2 0.09333333333333327 0
453 0.2666666666666666 0.2733333333333334 0
454 0.2 0.3733333333333333 0
455 0.2 0.2799999999999999 0
456 0.2666666666666665 0.4555555555555556 0
457 0.2 0.5600000000000001 0
458 0.2 0.4666666666666667 0
459 0.2666666666666665 0.6377777777777779 0
460 0.2 0.7466666666666667 0
461 0.2 0.6533333333333333 0
462 0.2666666666666664 0.8200000000000002 0
463 0.1999999999999998 0.9333333333333336 0
464 0.1999999999999997 0.8400000000000002 0
465 0.2666666666666664 1.002222222222223 0
466 0.1999999999999997 1.12 0
467 0.1999999999999997 1.026666666666667 0
468 0.2666666666666664 1.184444444444445 0
469 0.1999999999999997 1.306666666666667 0
470 0.1999999999999997 1.213333333333334 0
471 0.2666666666666664 1.366666666666667 0
472 0.1999999999999997 1.493333333333334 0
473 0.1999999999999997 1.4 0
474 0.2666666666666664 1.548888888888889 0
475 0.1999999999999997 1.68 0
476 0.1999999999999997 1.586666666666667 0
477 0.2666666666666664 1.731111111111111 0
478 0.1999999999999997 1.866666666666667 0
479 0.1999999999999997 1.773333333333333 0
480 0.2666666666666663 1.913333333333334 0
481 0.1999999999999997 2.053333333333334 0
482 0.1999999999999997 1.96 0
483 0.2666666666666662 2.095555555555556 0
484 0.1999999999999995 2.240000000000001 0
485 0.1999999999999996 2.146666666666667 0
486 0.2666666666666662 2.277777777777779 0
487 0.1999999999999995 2.426666666666668 0
488 0.1999999999999995 2.333333333333334 0
489 0.2666666666666659 2.460000000000001 0
490 0.1999999999999993 2.613333333333334 0
491 0.1999999999999994 2.520000000000001 0
492 0.2666666666666658 2.642222222222223 0
493 0.1999999999999993 2.706666666666668 0
494 0.4 0.08666666666666667 0
495 0.3333333333333333 0.1777777777777778 0
496 0.3333333333333334 0.0888888888888888 0
497 0.3999999999999999 0.26 0
498 0.3333333333333331 0.3555555555555556 0
499 0.3333333333333332 0.2666666666666667 0
500 0.3999999999999998 0.4333333333333335 0
501 0.3333333333333331 0.5333333333333334 0
502 0.3333333333333331 0.4444444444444445 0
503 0.3999999999999998 0.6066666666666669 0
504 0.3333333333333331 0.7111111111111112 0
505 0.3333333333333331 0.6222222222222225 0
506 0.3999999999999997 0.7800000000000002 0
507 0.333333333333333 0.8888888888888891 0
508 0.333333333333333 0.8000000000000002 0
509 0.3999999999999997 0.9533333333333337 0
510 0.333333333333333 1.066666666666667 0
511 0.333333333333333 0.9777777777777781 0
512 0.3999999999999996 1.126666666666667 0
513 0.333333333333333 1.244444444444445 0
514 0.333333333333333 1.155555555555556 0
515 0.3999999999999995 1.3 0
516 0.3333333333333329 1.422222222222223 0
517 0.3333333333333329 1.333333333333334 0
518 0.3999999999999995 1.473333333333334 0
519 0.3333333333333329 1.600000000000001 0
520 0.3333333333333329 1.511111111111112 0
521 0.3999999999999994 1.646666666666667 0
522 0.3333333333333328 1.777777777777778 0
523 0.3333333333333329 1.688888888888889 0
524 0.3999999999999994 1.820000000000001 0
525 0.3333333333333328 1.955555555555556 0
526 0.3333333333333328 1.866666666666667 0
527 0.3999999999999994 1.993333333333334 0
528 0.3333333333333328 2.133333333333334 0
529 0.3333333333333327 2.044444444444445 0
530 0.3999999999999994 2.166666666666668 0
531 0.3333333333333327 2.311111111111112 0
532 0.3333333333333328 2.222222222222223 0
533 0.3999999999999992 2.340000000000001 0
534 0.3333333333333326 2.48888888888889 0
535 0.3333333333333326 2.400000000000001 0
536 0.3999999999999991 2.513333333333335 0
537 0.3333333333333326 2.577777777777779 0
538 0.5333333333333332 0.0822222222222222 0
539 0.4666666666666666 0.1688888888888891 0
540 0.4666666666666666 0.08444444444444432 0
541 0.5333333333333332 0.2466666666666668 0
542 0.4666666666666666 0.3377777777777778 0
543 0.4666666666666666 0.2533333333333334 0
544 0.5333333333333332 0.4111111111111113 0
545 0.4666666666666665 0.5066666666666669 0
546 0.4666666666666665 0.4222222222222225 0
547 0.5333333333333331 0.5755555555555558 0
548 0.4666666666666664 0.6755555555555559 0
549 0.4666666666666665 0.5911111111111114 0
550 0.533333333333333 0.7400000000000003 0
551 0.4666666666666663 0.8444444444444448 0
552 0.4666666666666663 0.7600000000000002 0
553 0.5333333333333329 0.9044444444444448 0
554 0.4666666666666663 1.013333333333334 0
555 0.4666666666666662 0.9288888888888893 0
556 0.5333333333333328 1.068888888888889 0
557 0.4666666666666662 1.182222222222223 0
558 0.4666666666666662 1.097777777777778 0
559 0.5333333333333328 1.233333333333334 0
560 0.4666666666666661 1.351111111111112 0
561 0.4666666666666662 1.266666666666667 0
562 0.5333333333333328 1.397777777777778 0
563 0.4666666666666661 1.520000000000001 0
564 0.4666666666666661 1.435555555555556 0
565 0.5333333333333327 1.562222222222223 0
566 0.466666666666666 1.68888888888889 0
567 0.466666666666666 1.604444444444445 0
568 0.5333333333333325 1.726666666666667 0
569 0.466666666666666 1.857777777777778 0
570 0.4666666666666659 1.773333333333334 0
571 0.5333333333333325 1.891111111111112 0
572 0.4666666666666659 2.026666666666668 0
573 0.466666666666666 1.942222222222223 0
574 0.5333333333333323 2.055555555555557 0
575 0.4666666666666658 2.195555555555557 0
576 0.4666666666666659 2.111111111111112 0
577 0.5333333333333323 2.220000000000001 0
578 0.4666666666666658 2.364444444444445 0
579 0.4666666666666658 2.280000000000001 0
580 0.5333333333333322 2.384444444444445 0
581 0.4666666666666656 2.44888888888889 0
582 0.6666666666666666 0.07777777777777772 0
583 0.5999999999999999 0.1600000000000001 0
584 0.5999999999999999 0.08000000000000007 0
585 0.6666666666666665 0.2333333333333334 0
586 0.5999999999999999 0.3200000000000001 0
587 0.5999999999999999 0.24 0
588 0.6666666666666665 0.3888888888888891 0
589 0.5999999999999999 0.4800000000000003 0
590 0.5999999999999999 0.4000000000000002 0
591 0.6666666666666664 0.5444444444444448 0
592 0.5999999999999996 0.6400000000000003 0
593 0.5999999999999998 0.5600000000000004 0
594 0.6666666666666663 0.7000000000000004 0
595 0.5999999999999996 0.8000000000000004 0
596 0.5999999999999996 0.7200000000000004 0
597 0.6666666666666662 0.8555555555555561 0
598 0.5999999999999994 0.9600000000000006 0
599 0.5999999999999995 0.8800000000000004 0
600 0.6666666666666661 1.011111111111112 0
601 0.5999999999999994 1.120000000000001 0
602 0.5999999999999994 1.04 0
603 0.6666666666666661 1.166666666666667 0
604 0.5999999999999994 1.280000000000001 0
605 0.5999999999999994 1.200000000000001 0
606 0.666666666666666 1.322222222222223 0
607 0.5999999999999993 1.440000000000001 0
608 0.5999999999999993 1.360000000000001 0
609 0.6666666666666659 1.477777777777779 0
610 0.5999999999999992 1.600000000000001 0
611 0.5999999999999992 1.520000000000001 0
612 0.6666666666666657 1.633333333333334 0
613 0.5999999999999991 1.760000000000001 0
614 0.5999999999999992 1.680000000000001 0
615 0.6666666666666656 1.78888888888889 0
616 0.599999999999999 1.920000000000001 0
617 0.5999999999999991 1.840000000000001 0
618 0.6666666666666655 1.944444444444446 0
619 0.599999999999999 2.080000000000001 0
620 0.599999999999999 2.000000000000001 0
621 0.6666666666666654 2.100000000000001 0
622 0.5999999999999988 2.240000000000001 0
623 0.5999999999999989 2.160000000000001 0
624 0.6666666666666654 2.255555555555556 0
625 0.5999999999999988 2.320000000000001 0
626 0.7999999999999999 0.07333333333333325 0
627 0.7333333333333333 0.1511111111111112 0
628 0.7333333333333333 0.07555555555555538 0
629 0.7999999999999998 0.2200000000000001 0
630 0.7333333333333332 0.3022222222222224 0
631 0.7333333333333332 0.2266666666666668 0
632 0.7999999999999998 0.3666666666666669 0
633 0.7333333333333331 0.4533333333333337 0
634 0.7333333333333332 0.377777777777778 0
635 0.7999999999999997 0.5133333333333338 0
636 0.7333333333333329 0.6044444444444449 0
637 0.7333333333333331 0.5288888888888893 0
638 0.7999999999999996 0.6600000000000005 0
639 0.7333333333333328 0.7555555555555561 0
640 0.7333333333333329 0.6800000000000004 0
641 0.7999999999999995 0.8066666666666673 0
642 0.7333333333333327 0.9066666666666673 0
643 0.7333333333333328 0.8311111111111117 0
644 0.7999999999999994 0.953333333333334 0
645 0.7333333333333327 1.057777777777778 0
646 0.7333333333333327 0.9822222222222229 0
647 0.7999999999999993 1.100000000000001 0
648 0.7333333333333326 1.20888888888889 0
649 0.7333333333333326 1.133333333333334 0
650 0.7999999999999992 1.246666666666667 0
651 0.7333333333333325 1.360000000000001 0
652 0.7333333333333325 1.284444444444445 0
653 0.799999999999999 1.393333333333334 0
654 0.7333333333333324 1.511111111111112 0
655 0.7333333333333325 1.435555555555557 0
656 0.7999999999999989 1.540000000000001 0
657 0.7333333333333323 1.662222222222223 0
658 0.7333333333333324 1.586666666666668 0
659 0.7999999999999988 1.686666666666668 0
660 0.7333333333333322 1.813333333333334 0
661 0.7333333333333323 1.737777777777779 0
662 0.7999999999999987 1.833333333333334 0
663 0.7333333333333321 1.964444444444446 0
664 0.7333333333333322 1.88888888888889 0
665 0.7999999999999986 1.980000000000001 0
666 0.7333333333333319 2.115555555555557 0
667 0.7333333333333321 2.040000000000001 0
668 0.7999999999999984 2.126666666666668 0
669 0.7333333333333319 2.191111111111113 0
670 0.9333333333333333 0.068888888888889 0
671 0.8666666666666666 0.1422222222222222 0
672 0.8666666666666666 0.07111111111111112 0
673 0.9333333333333331 0.2066666666666668 0
674 0.8666666666666665 0.2844444444444445 0
675 0.8666666666666665 0.2133333333333334 0
676 0.9333333333333331 0.3444444444444446 0
677 0.8666666666666664 0.426666666666667 0
678 0.8666666666666665 0.3555555555555557 0
679 0.933333333333333 0.4822222222222226 0
680 0.8666666666666663 0.5688888888888893 0
681 0.8666666666666664 0.4977777777777782 0
682 0.9333333333333329 0.6200000000000006 0
683 0.8666666666666661 0.7111111111111117 0
684 0.8666666666666663 0.6400000000000006 0
685 0.9333333333333328 0.7577777777777783 0
686 0.866666666666666 0.8533333333333339 0
687 0.8666666666666661 0.7822222222222228 0
688 0.9333333333333327 0.8955555555555562 0
689 0.866666666666666 0.9955555555555562 0
690 0.866666666666666 0.9244444444444452 0
691 0.9333333333333326 1.033333333333334 0
692 0.8666666666666659 1.137777777777778 0
693 0.8666666666666659 1.066666666666667 0
694 0.9333333333333325 1.171111111111112 0
695 0.8666666666666658 1.280000000000001 0
696 0.8666666666666658 1.20888888888889 0
697 0.9333333333333323 1.30888888888889 0
698 0.8666666666666657 1.422222222222223 0
699 0.8666666666666657 1.351111111111112 0
700 0.9333333333333322 1.446666666666668 0
701 0.8666666666666656 1.564444444444446 0
702 0.8666666666666656 1.493333333333335 0
703 0.9333333333333321 1.584444444444446 0
704 0.8666666666666655 1.706666666666668 0
705 0.8666666666666655 1.635555555555557 0
706 0.933333333333332 1.722222222222224 0
707 0.8666666666666654 1.84888888888889 0
708 0.8666666666666654 1.777777777777779 0
709 0.9333333333333319 1.860000000000001 0
710 0.8666666666666653 1.991111111111112 0
711 0.8666666666666653 1.920000000000001 0
712 0.9333333333333318 1.997777777777779 0
713 0.8666666666666651 2.062222222222224 0
714 1.066666666666667 0.0644444444444443 0
715 0.9999999999999999 0.1333333333333333 0
716 1 0.06666666666666665 0
717 1.066666666666666 0.1933333333333334 0
718 0.9999999999999998 0.2666666666666668 0
719 0.9999999999999999 0.2000000000000002 0
720 1.066666666666666 0.3222222222222224 0
721 0.9999999999999998 0.4000000000000001 0
722 0.9999999999999998 0.3333333333333335 0
723 1.066666666666666 0.4511111111111114 0
724 0.9999999999999997 0.5333333333333337 0
725 0.9999999999999998 0.466666666666667 0
726 1.066666666666666 0.5800000000000003 0
727 0.9999999999999996 0.6666666666666672 0
728 0.9999999999999996 0.6000000000000004 0
729 1.066666666666666 0.7088888888888893 0
730 0.9999999999999993 0.8000000000000005 0
731 0.9999999999999994 0.7333333333333338 0
732 1.066666666666666 0.8377777777777784 0
733 0.9999999999999993 0.933333333333334 0
734 0.9999999999999993 0.8666666666666674 0
735 1.066666666666666 0.9666666666666675 0
736 0.9999999999999992 1.066666666666667 0
737 0.9999999999999992 1.000000000000001 0
738 1.066666666666666 1.095555555555556 0
739 0.9999999999999991 1.200000000000001 0
740 0.9999999999999991 1.133333333333334 0
741 1.066666666666666 1.224444444444445 0
742 0.999999999999999 1.333333333333334 0
743 0.9999999999999991 1.266666666666667 0
744 1.066666666666666 1.353333333333334 0
745 0.9999999999999989 1.466666666666668 0
746 0.9999999999999989 1.400000000000001 0
747 1.066666666666666 1.482222222222223 0
748 0.9999999999999988 1.600000000000001 0
749 0.9999999999999989 1.533333333333335 0
750 1.066666666666666 1.611111111111112 0
751 0.9999999999999987 1.733333333333335 0
752 0.9999999999999987 1.666666666666668 0
753 1.066666666666665 1.740000000000001 0
754 0.9999999999999986 1.866666666666668 0
755 0.9999999999999987 1.800000000000001 0
756 1.066666666666665 1.86888888888889 0
757 0.9999999999999984 1.933333333333335 0
758 1.2 0.06000000000000005 0
759 1.133333333333333 0.1244444444444444 0
760 1.133333333333333 0.06222222222222218 0
761 1.2 0.1800000000000002 0
762 1.133333333333333 0.248888888888889 0
763 1.133333333333333 0.1866666666666668 0
764 1.2 0.3000000000000003 0
765 1.133333333333333 0.3733333333333335 0
766 1.133333333333333 0.3111111111111113 0
767 1.2 0.4200000000000003 0
768 1.133333333333333 0.4977777777777781 0
769 1.133333333333333 0.4355555555555558 0
770 1.2 0.5400000000000004 0
771 1.133333333333333 0.6222222222222227 0
772 1.133333333333333 0.5600000000000003 0
773 1.2 0.6600000000000005 0
774 1.133333333333333 0.7466666666666671 0
775 1.133333333333333 0.684444444444445 0
776 1.199999999999999 0.7800000000000005 0
777 1.133333333333333 0.8711111111111117 0
778 1.133333333333333 0.8088888888888894 0
779 1.199999999999999 0.9000000000000006 0
780 1.133333333333332 0.9955555555555563 0
781 1.133333333333332 0.933333333333334 0
782 1.199999999999999 1.020000000000001 0
783 1.133333333333332 1.120000000000001 0
784 1.133333333333332 1.057777777777779 0
785 1.199999999999999 1.140000000000001 0
786 1.133333333333332 1.244444444444445 0
787 1.133333333333332 1.182222222222223 0
788 1.199999999999999 1.260000000000001 0
789 1.133333333333332 1.36888888888889 0
790 1.133333333333332 1.306666666666668 0
791 1.199999999999999 1.380000000000001 0
792 1.133333333333332 1.493333333333335 0
793 1.133333333333332 1.431111111111112 0
794 1.199999999999999 1.500000000000001 0
795 1.133333333333332 1.617777777777779 0
796 1.133333333333332 1.555555555555557 0
797 1.199999999999999 1.620000000000001 0
798 1.133333333333332 1.742222222222224 0
799 1.133333333333332 1.680000000000001 0
800 1.199999999999998 1.740000000000002 0
801 1.133333333333332 1.804444444444446 0
802 1.333333333333333 0.05555555555555558 0
803 1.266666666666667 0.1155555555555556 0
804 1.266666666666667 0.05777777777777771 0
805 1.333333333333333 0.1666666666666665 0
806 1.266666666666667 0.2311111111111112 0
807 1.266666666666667 0.1733333333333333 0
808 1.333333333333333 0.2777777777777778 0
809 1.266666666666666 0.3466666666666669 0
810 1.266666666666666 0.288888888888889 0
811 1.333333333333333 0.3888888888888891 0
812 1.266666666666666 0.4622222222222225 0
813 1.266666666666666 0.4044444444444446 0
814 1.333333333333333 0.5000000000000004 0
815 1.266666666666666 0.5777777777777783 0
816 1.266666666666666 0.5200000000000004 0
817 1.333333333333333 0.6111111111111116 0
818 1.266666666666666 0.6933333333333338 0
819 1.266666666666666 0.635555555555556 0
820 1.333333333333333 0.7222222222222228 0
821 1.266666666666666 0.8088888888888894 0
822 1.266666666666666 0.7511111111111116 0
823 1.333333333333333 0.8333333333333339 0
824 1.266666666666666 0.9244444444444451 0
825 1.266666666666666 0.8666666666666673 0
826 1.333333333333333 0.9444444444444451 0
827 1.266666666666666 1.040000000000001 0
828 1.266666666666666 0.982222222222223 0
829 1.333333333333332 1.055555555555556 0
830 1.266666666666666 1.155555555555556 0
831 1.266666666666666 1.097777777777779 0
832 1.333333333333332 1.166666666666668 0
833 1.266666666666666 1.271111111111112 0
834 1.266666666666666 1.213333333333334 0
835 1.333333333333332 1.277777777777779 0
836 1.266666666666666 1.386666666666668 0
837 1.266666666666666 1.32888888888889 0
838 1.333333333333332 1.38888888888889 0
839 1.266666666666665 1.502222222222223 0
840 1.266666666666665 1.444444444444446 0
841 1.333333333333332 1.500000000000001 0
842 1.266666666666665 1.617777777777779 0
843 1.266666666666665 1.560000000000001 0
844 1.333333333333332 1.611111111111112 0
845 1.266666666666665 1.675555555555557 0
846 1.466666666666667 0.05111111111111111 0
847 1.4 0.1066666666666667 0
848 1.4 0.05333333333333345 0
849 1.466666666666667 0.1533333333333333 0
850 1.4 0.2133333333333333 0
851 1.4 0.1599999999999999 0
852 1.466666666666667 0.2555555555555556 0
853 1.4 0.3200000000000002 0
854 1.4 0.2666666666666667 0
855 1.466666666666666 0.3577777777777781 0
856 1.399999999999999 0.426666666666667 0
857 1.4 0.3733333333333335 0
858 1.466666666666666 0.4600000000000004 0
859 1.399999999999999 0.5333333333333339 0
860 1.399999999999999 0.4800000000000004 0
861 1.466666666666666 0.5622222222222226 0
862 1.399999999999999 0.6400000000000006 0
863 1.399999999999999 0.5866666666666672 0
864 1.466666666666666 0.6644444444444449 0
865 1.399999999999999 0.7466666666666671 0
866 1.399999999999999 0.6933333333333339 0
867 1.466666666666666 0.7666666666666672 0
868 1.399999999999999 0.8533333333333338 0
869 1.399999999999999 0.8000000000000005 0
870 1.466666666666666 0.8688888888888894 0
871 1.399999999999999 0.9600000000000006 0
872 1.399999999999999 0.9066666666666672 0
873 1.466666666666666 0.9711111111111117 0
874 1.399999999999999 1.066666666666667 0
875 1.399999999999999 1.013333333333334 0
876 1.466666666666666 1.073333333333334 0
877 1.399999999999999 1.173333333333334 0
878 1.399999999999999 1.120000000000001 0
879 1.466666666666666 1.175555555555556 0
880 1.399999999999999 1.280000000000001 0
881 1.399999999999999 1.226666666666668 0
882 1.466666666666666 1.277777777777779 0
883 1.399999999999999 1.386666666666668 0
884 1.399999999999999 1.333333333333334 0
885 1.466666666666666 1.380000000000001 0
886 1.399999999999999 1.493333333333335 0
887 1.399999999999999 1.440000000000001 0
888 1.466666666666665 1.482222222222223 0
889 1.399999999999999 1.546666666666668 0
890 1.6 0.04666666666666663 0
891 1.533333333333333 0.09777777777777774 0
892 1.533333333333333 0.04888888888888876 0
893 1.6 0.1399999999999999 0
894 1.533333333333333 0.1955555555555555 0
895 1.533333333333333 0.1466666666666667 0
896 1.6 0.2333333333333334 0
897 1.533333333333333 0.2933333333333336 0
898 1.533333333333333 0.2444444444444446 0
899 1.6 0.326666666666667 0
900 1.533333333333333 0.3911111111111115 0
901 1.533333333333333 0.3422222222222225 0
902 1.6 0.4200000000000004 0
903 1.533333333333333 0.4888888888888892 0
904 1.533333333333333 0.4400000000000004 0
905 1.6 0.5133333333333336 0
906 1.533333333333333 0.5866666666666671 0
907 1.533333333333333 0.5377777777777781 0
908 1.6 0.606666666666667 0
909 1.533333333333333 0.6844444444444449 0
910 1.533333333333333 0.635555555555556 0
911 1.6 0.7000000000000004 0
912 1.533333333333333 0.7822222222222227 0
913 1.533333333333333 0.7333333333333338 0
914 1.599999999999999 0.7933333333333338 0
915 1.533333333333333 0.8800000000000004 0
916 1.533333333333333 0.8311111111111116 0
917 1.599999999999999 0.8866666666666672 0
918 1.533333333333333 0.9777777777777783 0
919 1.533333333333333 0.9288888888888893 0
920 1.599999999999999 0.9800000000000005 0
921 1.533333333333333 1.075555555555556 0
922 1.533333333333333 1.026666666666667 0
923 1.599999999999999 1.073333333333334 0
924 1.533333333333333 1.173333333333334 0
925 1.533333333333333 1.124444444444445 0
926 1.599999999999999 1.166666666666667 0
927 1.533333333333333 1.271111111111112 0
928 1.533333333333333 1.222222222222223 0
929 1.599999999999999 1.260000000000001 0
930 1.533333333333333 1.36888888888889 0
931 1.533333333333333 1.320000000000001 0
932 1.599999999999999 1.353333333333334 0
933 1.533333333333332 1.417777777777779 0
934 1.733333333333333 0.04222222222222216 0
935 1.666666666666667 0.08888888888888857 0
936 1.666666666666667 0.04444444444444429 0
937 1.733333333333333 0.1266666666666665 0
938 1.666666666666667 0.1777777777777776 0
939 1.666666666666667 0.1333333333333333 0
940 1.733333333333333 0.211111111111111 0
941 1.666666666666667 0.2666666666666668 0
942 1.666666666666667 0.2222222222222222 0
943 1.733333333333333 0.2955555555555558 0
944 1.666666666666667 0.3555555555555558 0
945 1.666666666666667 0.3111111111111113 0
946 1.733333333333333 0.3800000000000001 0
947 1.666666666666667 0.4444444444444446 0
948 1.666666666666667 0.4000000000000002 0
949 1.733333333333333 0.4644444444444445 0
950 1.666666666666667 0.5333333333333335 0
951 1.666666666666667 0.488888888888889 0
952 1.733333333333333 0.5488888888888891 0
953 1.666666666666666 0.6222222222222226 0
954 1.666666666666667 0.5777777777777781 0
955 1.733333333333333 0.6333333333333335 0
956 1.666666666666666 0.7111111111111114 0
957 1.666666666666666 0.666666666666667 0
958 1.733333333333333 0.717777777777778 0
959 1.666666666666666 0.8000000000000003 0
960 1.666666666666666 0.7555555555555559 0
961 1.733333333333333 0.8022222222222225 0
962 1.666666666666666 0.8888888888888893 0
963 1.666666666666666 0.8444444444444448 0
964 1.733333333333333 0.886666666666667 0
965 1.666666666666666 0.9777777777777783 0
966 1.666666666666666 0.9333333333333338 0
967 1.733333333333333 0.9711111111111115 0
968 1.666666666666666 1.066666666666667 0
969 1.666666666666666 1.022222222222223 0
970 1.733333333333333 1.055555555555556 0
971 1.666666666666666 1.155555555555556 0
972 1.666666666666666 1.111111111111112 0
973 1.733333333333333 1.140000000000001 0
974 1.666666666666666 1.244444444444445 0
975 1.666666666666666 1.200000000000001 0
976 1.733333333333333 1.224444444444445 0
977 1.666666666666666 1.28888888888889 0
978 1.866666666666667 0.03777777777777747 0
979 1.8 0.07999999999999963 0
980 1.8 0.03999999999999981 0
981 1.866666666666667 0.1133333333333331 0
982 1.8 0.1599999999999997 0
983 1.8 0.1199999999999997 0
984 1.866666666666667 0.1888888888888889 0
985 1.8 0.24 0
986 1.8 0.2000000000000002 0
987 1.866666666666667 0.2644444444444445 0
988 1.8 0.3200000000000003 0
989 1.8 0.2800000000000001 0
990 1.866666666666667 0.3400000000000001 0
991 1.8 0.4000000000000001 0
992 1.8 0.3600000000000002 0
993 1.866666666666667 0.4155555555555557 0
994 1.8 0.4800000000000001 0
995 1.8 0.4400000000000002 0
996 1.866666666666667 0.4911111111111112 0
997 1.8 0.5600000000000002 0
998 1.8 0.52 0
999 1.866666666666667 0.5666666666666668 0
1000 1.8 0.6400000000000001 0
1001 1.8 0.6000000000000002 0
1002 1.866666666666667 0.6422222222222224 0
1003 1.8 0.7200000000000002 0
1004 1.8 0.6800000000000002 0
1005 1.866666666666667 0.7177777777777778 0
1006 1.8 0.8000000000000003 0
1007 1.8 0.7600000000000002 0
1008 1.866666666666667 0.7933333333333334 0
1009 1.8 0.8800000000000002 0
1010 1.8 0.8400000000000002 0
1011 1.866666666666667 0.868888888888889 0
1012 1.8 0.9600000000000003 0
1013 1.8 0.9200000000000003 0
1014 1.866666666666667 0.9444444444444446 0
1015 1.8 1.04 0
1016 1.8 1 0
1017 1.866666666666667 1.02 0
1018 1.8 1.12 0
1019 1.8 1.08 0
1020 1.866666666666667 1.095555555555556 0
1021 1.8 1.16 0
1022 1.933333333333334 0.0711111111111109 0
1023 1.933333333333334 0.03555555555555534 0
1024 1.933333333333334 0.1422222222222222 0
1025 1.933333333333334 0.1066666666666667 0
1026 1.933333333333334 0.2133333333333334 0
1027 1.933333333333334 0.1777777777777778 0
1028 1.933333333333334 0.2844444444444445 0
1029 1.933333333333334 0.2488888888888889 0
1030 1.933333333333334 0.3555555555555556 0
1031 1.933333333333334 0.3200000000000001 0
1032 1.933333333333334 0.4266666666666667 0
1033 1.933333333333334 0.3911111111111112 0
1034 1.933333333333334 0.4977777777777779 0
1035 1.933333333333334 0.4622222222222223 0
1036 1.933333333333334 0.568888888888889 0
1037 1.933333333333334 0.5333333333333334 0
1038 1.933333333333334 0.6400000000000001 0
1039 1.933333333333334 0.6044444444444446 0
1040 1.933333333333334 0.7111111111111111 0
1041 1.933333333333334 0.6755555555555557 0
1042 1.933333333333334 0.7822222222222223 0
1043 1.933333333333334 0.7466666666666668 0
1044 1.933333333333334 0.8533333333333335 0
1045 1.933333333333334 0.8177777777777779 0
1046 1.933333333333334 0.9244444444444446 0
1047 1.933333333333334 0.8888888888888891 0
1048 1.933333333333333 0.9955555555555557 0
1049 1.933333333333333 0.9600000000000002 0
1050 1.933333333333333 1.031111111111111 0
1051 2.075555555555555 1.133333333333333 0
1052 1.951111111111111 1.266666666666667 0
1053 1.826666666666666 1.400000000000001 0
1054 1.702222222222221 1.533333333333335 0
1055 1.577777777777777 1.666666666666668 0
1056 1.453333333333332 1.800000000000001 0
1057 1.328888888888887 1.933333333333335 0
1058 1.204444444444443 2.066666666666668 0
1059 1.079999999999998 2.200000000000002 0
1060 0.9555555555555537 2.333333333333335 0
1061 0.8311111111111098 2.466666666666668 0
1062 0.7066666666666657 2.600000000000001 0
1063 0.5822222222222213 2.733333333333334 0
1064 0.4577777777777774 2.866666666666667 0
1065 2.284444444444444 1.133333333333333 0
1066 2.168888888888889 1.266666666666667 0
1067 2.053333333333333 1.400000000000001 0
1068 1.937777777777777 1.533333333333334 0
1069 1.822222222222221 1.666666666666668 0
1070 1.706666666666665 1.800000000000001 0
1071 1.59111111111111 1.933333333333335 0
1072 1.475555555555554 2.066666666666668 0
1073 1.359999999999998 2.200000000000002 0
1074 1.244444444444443 2.333333333333334 0
1075 1.128888888888887 2.466666666666668 0
1076 1.013333333333332 2.600000000000001 0
1077 0.8977777777777773 2.733333333333334 0
1078 0.7822222222222219 2.866666666666667 0
1079 2.493333333333333 1.133333333333333 0
1080 2.386666666666666 1.266666666666667 0
1081 2.279999999999999 1.400000000000001 0
1082 2.173333333333332 1.533333333333334 0
1083 2.066666666666666 1.666666666666668 0
1084 1.959999999999999 1.800000000000001 0
1085 1.853333333333332 1.933333333333334 0
1086 1.746666666666665 2.066666666666668 0
1087 1.639999999999999 2.200000000000001 0
1088 1.533333333333332 2.333333333333334 0
1089 1.426666666666665 2.466666666666668 0
1090 1.319999999999999 2.600000000000001 0
1091 1.213333333333333 2.733333333333334 0
1092 1.106666666666666 2.866666666666667 0
1093 2.702222222222222 1.133333333333333 0
1094 2.604444444444444 1.266666666666667 0
1095 2.506666666666666 1.400000000000001 0
1096 2.408888888888888 1.533333333333334 0
1097 2.31111111111111 1.666666666666668 0
1098 2.213333333333332 1.800000000000001 0
1099 2.115555555555555 1.933333333333334 0
1100 2.017777777777777 2.066666666666668 0
1101 1.919999999999999 2.200000000000001 0
1102 1.822222222222222 2.333333333333334 0
1103 1.724444444444444 2.466666666666668 0
1104 1.626666666666666 2.600000000000001 0
1105 1.528888888888888 2.733333333333334 0
1106 1.431111111111111 2.866666666666667 0
1107 2.911111111111111 1.133333333333333 0
1108 2.822222222222222 1.266666666666667 0
1109 2.733333333333333 1.4 0
1110 2.644444444444444 1.533333333333334 0
1111 2.555555555555554 1.666666666666668 0
1112 2.466666666666666 1.800000000000001 0
1113 2.377777777777776 1.933333333333334 0
1114 2.288888888888888 2.066666666666668 0
1115 2.199999999999999 2.200000000000001 0
1116 2.111111111111111 2.333333333333334 0
1117 2.022222222222222 2.466666666666668 0
1118 1.933333333333333 2.600000000000001 0
1119 1.844444444444444 2.733333333333334 0
1120 1.755555555555555 2.866666666666667 0
1121 3.12 1.133333333333333 0
1122 3.04 1.266666666666667 0
1123 2.96 1.4 0
1124 2.879999999999999 1.533333333333334 0
1125 2.799999999999999 1.666666666666668 0
1126 2.719999999999999 1.800000000000001 0
1127 2.639999999999999 1.933333333333334 0
1128 2.559999999999999 2.066666666666668 0
1129 2.479999999999999 2.200000000000001 0
1130 2.399999999999999 2.333333333333334 0
1131 2.319999999999999 2.466666666666668 0
1132 2.239999999999999 2.600000000000001 0
1133 2.16 2.733333333333334 0
1134 2.08 2.866666666666667 0
1135 3.328888888888889 1.133333333333333 0
1136 3.257777777777778 1.266666666666667 0
1137 3.186666666666667 1.4 0
1138 3.115555555555555 1.533333333333334 0
1139 3.044444444444444 1.666666666666667 0
1140 2.973333333333333 1.800000000000001 0
1141 2.902222222222222 1.933333333333334 0
1142 2.83111111111111 2.066666666666667 0
1143 2.759999999999999 2.200000000000001 0
1144 2.688888888888888 2.333333333333334 0
1145 2.617777777777777 2.466666666666667 0
1146 2.546666666666666 2.600000000000001 0
1147 2.475555555555555 2.733333333333334 0
1148 2.404444444444444 2.866666666666667 0
1149 3.537777777777778 1.133333333333333 0
1150 3.475555555555555 1.266666666666667 0
1151 3.413333333333333 1.4 0
1152 3.35111111111111 1.533333333333334 0
1153 3.288888888888888 1.666666666666667 0
1154 3.226666666666666 1.800000000000001 0
1155 3.164444444444444 1.933333333333334 0
1156 3.102222222222221 2.066666666666667 0
1157 3.039999999999999 2.200000000000001 0
1158 2.977777777777777 2.333333333333334 0
1159 2.915555555555555 2.466666666666667 0
1160 2.853333333333333 2.600000000000001 0
1161 2.791111111111111 2.733333333333334 0
1162 2.728888888888889 2.866666666666667 0
1163 3.746666666666667 1.133333333333333 0
1164 3.693333333333333 1.266666666666667 0
1165 3.64 1.4 0
1166 3.586666666666666 1.533333333333334 0
1167 3.533333333333333 1.666666666666667 0
1168 3.48 1.800000000000001 0
1169 3.426666666666666 1.933333333333334 0
1170 3.373333333333333 2.066666666666667 0
1171 3.319999999999999 2.200000000000001 0
1172 3.266666666666666 2.333333333333334 0
1173 3.213333333333333 2.466666666666667 0
1174 3.16 2.600000000000001 0
1175 3.106666666666666 2.733333333333334 0
1176 3.053333333333333 2.866666666666667 0
1177 3.955555555555556 1.133333333333333 0
1178 3.911111111111111 1.266666666666667 0
1179 3.866666666666666 1.4 0
1180 3.822222222222222 1.533333333333334 0
1181 3.777777777777777 1.666666666666667 0
1182 3.733333333333333 1.800000000000001 0
1183 3.688888888888888 1.933333333333334 0
1184 3.644444444444444 2.066666666666667 0
1185 3.6 2.200000000000001 0
1186 3.555555555555555 2.333333333333334 0
1187 3.511111111111111 2.466666666666667 0
1188 3.466666666666667 2.600000000000001 0
1189 3.422222222222222 2.733333333333333 0
1190 3.377777777777778 2.866666666666667 0
1191 4.164444444444444 1.133333333333333 0
1192 4.128888888888888 1.266666666666667 0
1193 4.093333333333333 1.4 0
1194 4.057777777777778 1.533333333333334 0
1195 4.022222222222222 1.666666666666667 0
1196 3.986666666666666 1.8 0
1197 3.951111111111111 1.933333333333334 0
1198 3.915555555555555 2.066666666666667 0
1199 3.879999999999999 2.2 0
1200 3.844444444444444 2.333333333333334 0
1201 3.808888888888889 2.466666666666667 0
1202 3.773333333333333 2.600000000000001 0
1203 3.737777777777778 2.733333333333333 0
1204 3.702222222222222 2.866666666666667 0
1205 4.373333333333333 1.133333333333333 0
1206 4.346666666666666 1.266666666666667 0
1207 4.319999999999999 1.4 0
1208 4.293333333333333 1.533333333333333 0
1209 4.266666666666667 1.666666666666667 0
1210 4.24 1.8 0
1211 4.213333333333333 1.933333333333334 0
1212 4.186666666666666 2.066666666666667 0
1213 4.16 2.2 0
1214 4.133333333333334 2.333333333333333 0
1215 4.106666666666666 2.466666666666667 0
1216 4.08 2.600000000000001 0
1217 4.053333333333333 2.733333333333333 0
1218 4.026666666666667 2.866666666666667 0
1219 4.582222222222223 1.133333333333333 0
1220 4.564444444444444 1.266666666666667 0
1221 4.546666666666666 1.4 0
1222 4.528888888888888 1.533333333333333 0
1223 4.511111111111111 1.666666666666667 0
1224 4.493333333333334 1.8 0
1225 4.475555555555555 1.933333333333334 0
1226 4.457777777777777 2.066666666666667 0
1227 4.44 2.2 0
1228 4.422222222222222 2.333333333333333 0
1229 4.404444444444445 2.466666666666667 0
1230 4.386666666666667 2.6 0
1231 4.368888888888889 2.733333333333333 0
1232 4.351111111111111 2.866666666666667 0
1233 4.79111111111111 1.133333333333333 0
1234 4.782222222222222 1.266666666666667 0
1235 4.773333333333333 1.4 0
1236 4.764444444444444 1.533333333333333 0
1237 4.755555555555555 1.666666666666667 0
1238 4.746666666666666 1.8 0
1239 4.737777777777778 1.933333333333334 0
1240 4.728888888888888 2.066666666666667 0
1241 4.72 2.2 0
1242 4.71111111111111 2.333333333333333 0
1243 4.702222222222222 2.466666666666667 0
1244 4.693333333333333 2.6 0
1245 4.684444444444444 2.733333333333333 0
1246 4.675555555555555 2.866666666666667 0
1247 2.137777777777778 1.066666666666667 0
1248 1.971111111111111 1.133333333333333 0
1249 2.035555555555555 1.066666666666667 0
1250 2.013333333333333 1.2 0
1251 1.842222222222222 1.266666666666667 0
1252 1.906666666666666 1.2 0
1253 1.888888888888888 1.333333333333334 0
1254 1.713333333333333 1.400000000000001 0
1255 1.777777777777777 1.333333333333334 0
1256 1.764444444444444 1.466666666666668 0
1257 1.584444444444443 1.533333333333335 0
1258 1.648888888888888 1.466666666666668 0
1259 1.639999999999999 1.600000000000001 0
1260 1.455555555555554 1.666666666666668 0
1261 1.519999999999999 1.600000000000001 0
1262 1.515555555555554 1.733333333333335 0
1263 1.326666666666665 1.800000000000002 0
1264 1.39111111111111 1.733333333333335 0
1265 1.39111111111111 1.866666666666668 0
1266 1.197777777777776 1.933333333333335 0
1267 1.262222222222221 1.866666666666668 0
1268 1.266666666666665 2.000000000000001 0
1269 1.068888888888887 2.066666666666668 0
1270 1.133333333333332 2.000000000000001 0
1271 1.14222222222222 2.133333333333335 0
1272 0.9399999999999982 2.200000000000002 0
1273 1.004444444444442 2.133333333333335 0
1274 1.017777777777776 2.266666666666668 0
1275 0.8111111111111096 2.333333333333335 0
1276 0.8755555555555536 2.266666666666668 0
1277 0.8933333333333318 2.400000000000001 0
1278 0.682222222222221 2.466666666666668 0
1279 0.7466666666666653 2.400000000000001 0
1280 0.7688888888888878 2.533333333333334 0
1281 0.5533333333333323 2.600000000000001 0
1282 0.6177777777777766 2.533333333333335 0
1283 0.6444444444444435 2.666666666666667 0
1284 0.4244444444444433 2.733333333333334 0
1285 0.488888888888888 2.666666666666667 0
1286 0.5199999999999996 2.800000000000001 0
1287 0.2955555555555547 2.866666666666668 0
1288 0.3599999999999994 2.800000000000001 0
1289 0.3955555555555552 2.933333333333334 0
1290 0.2311111111111104 2.933333333333334 0
1291 2.342222222222222 1.066666666666667 0
1292 2.18 1.133333333333333 0
1293 2.24 1.066666666666667 0
1294 2.226666666666667 1.2 0
1295 2.06 1.266666666666667 0
1296 2.12 1.2 0
1297 2.111111111111111 1.333333333333334 0
1298 1.94 1.400000000000001 0
1299 2 1.333333333333334 0
1300 1.995555555555555 1.466666666666667 0
1301 1.819999999999999 1.533333333333334 0
1302 1.879999999999999 1.466666666666668 0
1303 1.879999999999999 1.600000000000001 0
1304 1.699999999999999 1.666666666666668 0
1305 1.759999999999999 1.600000000000001 0
1306 1.764444444444443 1.733333333333335 0
1307 1.579999999999999 1.800000000000001 0
1308 1.639999999999999 1.733333333333335 0
1309 1.648888888888888 1.866666666666668 0
1310 1.459999999999999 1.933333333333335 0
1311 1.519999999999999 1.866666666666668 0
1312 1.533333333333332 2.000000000000001 0
1313 1.339999999999998 2.066666666666668 0
1314 1.399999999999998 2.000000000000001 0
1315 1.417777777777776 2.133333333333335 0
1316 1.219999999999998 2.200000000000002 0
1317 1.279999999999998 2.133333333333335 0
1318 1.302222222222221 2.266666666666668 0
1319 1.099999999999998 2.333333333333334 0
1320 1.159999999999998 2.266666666666668 0
1321 1.186666666666665 2.400000000000001 0
1322 0.9799999999999986 2.466666666666668 0
1323 1.039999999999999 2.400000000000001 0
1324 1.07111111111111 2.533333333333334 0
1325 0.859999999999999 2.600000000000001 0
1326 0.919999999999999 2.533333333333334 0
1327 0.9555555555555548 2.666666666666667 0
1328 0.7399999999999993 2.733333333333334 0
1329 0.7999999999999994 2.666666666666667 0
1330 0.8399999999999996 2.800000000000001 0
1331 0.6199999999999997 2.866666666666667 0
1332 0.6799999999999993 2.800000000000001 0
1333 0.724444444444444 2.933333333333334 0
1334 0.5599999999999996 2.933333333333334 0
1335 2.546666666666666 1.066666666666667 0
1336 2.388888888888889 1.133333333333333 0
1337 2.444444444444444 1.066666666666667 0
1338 2.44 1.2 0
1339 2.277777777777777 1.266666666666667 0
1340 2.333333333333333 1.2 0
1341 2.333333333333333 1.333333333333334 0
1342 2.166666666666666 1.400000000000001 0
1343 2.222222222222221 1.333333333333334 0
1344 2.226666666666666 1.466666666666667 0
1345 2.055555555555554 1.533333333333334 0
1346 2.11111111111111 1.466666666666667 0
1347 2.119999999999999 1.600000000000001 0
1348 1.944444444444443 1.666666666666668 0
1349 1.999999999999999 1.600000000000001 0
1350 2.013333333333332 1.733333333333335 0
1351 1.833333333333332 1.800000000000001 0
1352 1.888888888888888 1.733333333333335 0
1353 1.906666666666665 1.866666666666668 0
1354 1.722222222222221 1.933333333333335 0
1355 1.777777777777776 1.866666666666668 0
1356 1.799999999999999 2.000000000000001 0
1357 1.61111111111111 2.066666666666668 0
1358 1.666666666666665 2.000000000000001 0
1359 1.693333333333332 2.133333333333335 0
1360 1.499999999999999 2.200000000000001 0
1361 1.555555555555554 2.133333333333335 0
1362 1.586666666666666 2.266666666666668 0
1363 1.388888888888887 2.333333333333334 0
1364 1.444444444444443 2.266666666666668 0
1365 1.479999999999999 2.400000000000001 0
1366 1.277777777777776 2.466666666666668 0
1367 1.333333333333332 2.400000000000001 0
1368 1.373333333333332 2.533333333333334 0
1369 1.166666666666666 2.600000000000001 0
1370 1.222222222222221 2.533333333333334 0
1371 1.266666666666666 2.666666666666667 0
1372 1.055555555555555 2.733333333333334 0
1373 1.11111111111111 2.666666666666667 0
1374 1.159999999999999 2.800000000000001 0
1375 0.944444444444444 2.866666666666667 0
1376 0.9999999999999993 2.800000000000001 0
1377 1.053333333333333 2.933333333333334 0
1378 0.8888888888888886 2.933333333333334 0
1379 2.751111111111111 1.066666666666667 0
1380 2.597777777777778 1.133333333333333 0
1381 2.648888888888889 1.066666666666667 0
1382 2.653333333333333 1.2 0
1383 2.495555555555555 1.266666666666667 0
1384 2.546666666666666 1.2 0
1385 2.555555555555555 1.333333333333334 0
1386 2.393333333333333 1.400000000000001 0
1387 2.444444444444444 1.333333333333334 0
1388 2.457777777777777 1.466666666666667 0
1389 2.29111111111111 1.533333333333334 0
1390 2.342222222222222 1.466666666666667 0
1391 2.359999999999999 1.600000000000001 0
1392 2.188888888888888 1.666666666666668 0
1393 2.239999999999999 1.600000000000001 0
1394 2.262222222222221 1.733333333333334 0
1395 2.086666666666666 1.800000000000001 0
1396 2.137777777777777 1.733333333333335 0
1397 2.164444444444444 1.866666666666668 0
1398 1.984444444444443 1.933333333333334 0
1399 2.035555555555554 1.866666666666668 0
1400 2.066666666666666 2.000000000000001 0
1401 1.882222222222221 2.066666666666668 0
1402 1.933333333333332 2.000000000000001 0
1403 1.968888888888888 2.133333333333335 0
1404 1.779999999999999 2.200000000000001 0
1405 1.83111111111111 2.133333333333335 0
1406 1.87111111111111 2.266666666666668 0
1407 1.677777777777777 2.333333333333334 0
1408 1.728888888888888 2.266666666666668 0
1409 1.773333333333333 2.400000000000001 0
1410 1.575555555555554 2.466666666666668 0
1411 1.626666666666666 2.400000000000001 0
1412 1.675555555555555 2.533333333333334 0
1413 1.473333333333333 2.600000000000001 0
1414 1.524444444444444 2.533333333333334 0
1415 1.577777777777777 2.666666666666667 0
1416 1.371111111111111 2.733333333333334 0
1417 1.422222222222222 2.666666666666667 0
1418 1.48 2.800000000000001 0
1419 1.268888888888888 2.866666666666667 0
1420 1.319999999999999 2.800000000000001 0
1421 1.382222222222222 2.933333333333334 0
1422 1.217777777777778 2.933333333333334 0
1423 2.955555555555556 1.066666666666667 0
1424 2.806666666666667 1.133333333333333 0
1425 2.853333333333333 1.066666666666667 0
1426 2.866666666666666 1.2 0
1427 2.713333333333333 1.266666666666667 0
1428 2.76 1.2 0
1429 2.777777777777777 1.333333333333334 0
1430 2.619999999999999 1.4 0
1431 2.666666666666666 1.333333333333334 0
1432 2.688888888888888 1.466666666666667 0
1433 2.526666666666666 1.533333333333334 0
1434 2.573333333333333 1.466666666666667 0
1435 2.599999999999999 1.600000000000001 0
1436 2.433333333333332 1.666666666666668 0
1437 2.479999999999999 1.600000000000001 0
1438 2.51111111111111 1.733333333333334 0
1439 2.339999999999999 1.800000000000001 0
1440 2.386666666666666 1.733333333333334 0
1441 2.422222222222221 1.866666666666668 0
1442 2.246666666666665 1.933333333333334 0
1443 2.293333333333332 1.866666666666668 0
1444 2.333333333333332 2.000000000000001 0
1445 2.153333333333332 2.066666666666668 0
1446 2.199999999999999 2.000000000000001 0
1447 2.244444444444444 2.133333333333334 0
1448 2.059999999999999 2.200000000000001 0
1449 2.106666666666666 2.133333333333334 0
1450 2.155555555555555 2.266666666666667 0
1451 1.966666666666666 2.333333333333334 0
1452 2.013333333333333 2.266666666666667 0
1453 2.066666666666666 2.400000000000001 0
1454 1.873333333333333 2.466666666666668 0
1455 1.919999999999999 2.400000000000001 0
1456 1.977777777777777 2.533333333333334 0
1457 1.78 2.600000000000001 0
1458 1.826666666666666 2.533333333333334 0
1459 1.888888888888889 2.666666666666667 0
1460 1.686666666666666 2.733333333333334 0
1461 1.733333333333333 2.666666666666667 0
1462 1.8 2.800000000000001 0
1463 1.593333333333333 2.866666666666667 0
1464 1.64 2.800000000000001 0
1465 1.711111111111111 2.933333333333334 0
1466 1.546666666666666 2.933333333333334 0
1467 3.16 1.066666666666667 0
1468 3.015555555555555 1.133333333333333 0
1469 3.057777777777778 1.066666666666667 0
1470 3.08 1.2 0
1471 2.931111111111111 1.266666666666667 0
1472 2.973333333333333 1.2 0
1473 3 1.333333333333334 0
1474 2.846666666666666 1.4 0
1475 2.888888888888888 1.333333333333334 0
1476 2.919999999999999 1.466666666666667 0
1477 2.762222222222221 1.533333333333334 0
1478 2.804444444444444 1.466666666666667 0
1479 2.839999999999999 1.600000000000001 0
1480 2.677777777777777 1.666666666666668 0
1481 2.719999999999999 1.600000000000001 0
1482 2.759999999999999 1.733333333333334 0
1483 2.593333333333332 1.800000000000001 0
1484 2.635555555555555 1.733333333333334 0
1485 2.679999999999999 1.866666666666668 0
1486 2.508888888888888 1.933333333333334 0
1487 2.55111111111111 1.866666666666668 0
1488 2.599999999999999 2.000000000000001 0
1489 2.424444444444443 2.066666666666668 0
1490 2.466666666666666 2.000000000000001 0
1491 2.519999999999999 2.133333333333334 0
1492 2.339999999999999 2.200000000000001 0
1493 2.382222222222222 2.133333333333334 0
1494 2.44 2.266666666666667 0
1495 2.255555555555555 2.333333333333334 0
1496 2.297777777777777 2.266666666666667 0
1497 2.359999999999999 2.400000000000001 0
1498 2.171111111111111 2.466666666666668 0
1499 2.213333333333333 2.400000000000001 0
1500 2.279999999999999 2.533333333333334 0
1501 2.086666666666666 2.600000000000001 0
1502 2.128888888888889 2.533333333333334 0
1503 2.2 2.666666666666667 0
1504 2.002222222222222 2.733333333333334 0
1505 2.044444444444444 2.666666666666667 0
1506 2.12 2.800000000000001 0
1507 1.917777777777777 2.866666666666667 0
1508 1.96 2.800000000000001 0
1509 2.04 2.933333333333334 0
1510 1.875555555555556 2.933333333333334 0
1511 3.364444444444445 1.066666666666667 0
1512 3.224444444444444 1.133333333333333 0
1513 3.262222222222222 1.066666666666667 0
1514 3.293333333333333 1.2 0
1515 3.148888888888889 1.266666666666667 0
1516 3.186666666666667 1.2 0
1517 3.222222222222222 1.333333333333334 0
1518 3.073333333333333 1.4 0
1519 3.111111111111111 1.333333333333334 0
1520 3.151111111111111 1.466666666666667 0
1521 2.997777777777777 1.533333333333334 0
1522 3.035555555555555 1.466666666666667 0
1523 3.079999999999999 1.600000000000001 0
1524 2.922222222222222 1.666666666666667 0
1525 2.96 1.600000000000001 0
1526 3.008888888888888 1.733333333333334 0
1527 2.846666666666666 1.800000000000001 0
1528 2.884444444444444 1.733333333333334 0
1529 2.937777777777777 1.866666666666668 0
1530 2.77111111111111 1.933333333333334 0
1531 2.808888888888888 1.866666666666668 0
1532 2.866666666666666 2.000000000000001 0
1533 2.695555555555555 2.066666666666668 0
1534 2.733333333333333 2.000000000000001 0
1535 2.795555555555555 2.133333333333334 0
1536 2.619999999999999 2.200000000000001 0
1537 2.657777777777777 2.133333333333334 0
1538 2.724444444444444 2.266666666666667 0
1539 2.544444444444444 2.333333333333334 0
1540 2.582222222222222 2.266666666666667 0
1541 2.653333333333333 2.400000000000001 0
1542 2.468888888888888 2.466666666666667 0
1543 2.506666666666666 2.400000000000001 0
1544 2.582222222222222 2.533333333333334 0
1545 2.393333333333333 2.600000000000001 0
1546 2.431111111111111 2.533333333333334 0
1547 2.511111111111111 2.666666666666667 0
1548 2.317777777777777 2.733333333333334 0
1549 2.355555555555555 2.666666666666667 0
1550 2.44 2.800000000000001 0
1551 2.242222222222222 2.866666666666667 0
1552 2.28 2.800000000000001 0
1553 2.368888888888889 2.933333333333334 0
1554 2.204444444444444 2.933333333333334 0
1555 3.568888888888889 1.066666666666667 0
1556 3.433333333333333 1.133333333333333 0
1557 3.466666666666667 1.066666666666667 0
1558 3.506666666666667 1.2 0
1559 3.366666666666666 1.266666666666667 0
1560 3.4 1.2 0
1561 3.444444444444444 1.333333333333334 0
1562 3.3 1.4 0
1563 3.333333333333333 1.333333333333334 0
1564 3.382222222222222 1.466666666666667 0
1565 3.233333333333333 1.533333333333334 0
1566 3.266666666666666 1.466666666666667 0
1567 3.319999999999999 1.600000000000001 0
1568 3.166666666666666 1.666666666666667 0
1569 3.199999999999999 1.600000000000001 0
1570 3.257777777777777 1.733333333333334 0
1571 3.099999999999999 1.800000000000001 0
1572 3.133333333333333 1.733333333333334 0
1573 3.195555555555555 1.866666666666667 0
1574 3.033333333333332 1.933333333333334 0
1575 3.066666666666666 1.866666666666667 0
1576 3.133333333333332 2.000000000000001 0
1577 2.966666666666666 2.066666666666667 0
1578 2.999999999999999 2.000000000000001 0
1579 3.07111111111111 2.133333333333334 0
1580 2.899999999999999 2.200000000000001 0
1581 2.933333333333333 2.133333333333334 0
1582 3.008888888888888 2.266666666666667 0
1583 2.833333333333333 2.333333333333334 0
1584 2.866666666666666 2.266666666666667 0
1585 2.946666666666666 2.400000000000001 0
1586 2.766666666666666 2.466666666666667 0
1587 2.799999999999999 2.400000000000001 0
1588 2.884444444444444 2.533333333333334 0
1589 2.7 2.600000000000001 0
1590 2.733333333333333 2.533333333333334 0
1591 2.822222222222222 2.666666666666667 0
1592 2.633333333333333 2.733333333333334 0
1593 2.666666666666666 2.666666666666667 0
1594 2.76 2.800000000000001 0
1595 2.566666666666666 2.866666666666667 0
1596 2.6 2.800000000000001 0
1597 2.697777777777778 2.933333333333334 0
1598 2.533333333333333 2.933333333333334 0
1599 3.773333333333333 1.066666666666667 0
1600 3.642222222222222 1.133333333333333 0
1601 3.671111111111111 1.066666666666667 0
1602 3.72 1.2 0
1603 3.584444444444444 1.266666666666667 0
1604 3.613333333333333 1.2 0
1605 3.666666666666666 1.333333333333334 0
1606 3.526666666666666 1.4 0
1607 3.555555555555555 1.333333333333334 0
1608 3.613333333333333 1.466666666666667 0
1609 3.468888888888888 1.533333333333334 0
1610 3.497777777777777 1.466666666666667 0
1611 3.56 1.600000000000001 0
1612 3.411111111111111 1.666666666666667 0
1613 3.44 1.600000000000001 0
1614 3.506666666666666 1.733333333333334 0
1615 3.353333333333333 1.800000000000001 0
1616 3.382222222222222 1.733333333333334 0
1617 3.453333333333333 1.866666666666667 0
1618 3.295555555555555 1.933333333333334 0
1619 3.324444444444444 1.866666666666667 0
1620 3.399999999999999 2.000000000000001 0
1621 3.237777777777777 2.066666666666667 0
1622 3.266666666666666 2.000000000000001 0
1623 3.346666666666666 2.133333333333334 0
1624 3.179999999999999 2.200000000000001 0
1625 3.208888888888888 2.133333333333334 0
1626 3.293333333333333 2.266666666666667 0
1627 3.122222222222222 2.333333333333334 0
1628 3.151111111111111 2.266666666666667 0
1629 3.24 2.4 0
1630 3.064444444444444 2.466666666666667 0
1631 3.093333333333333 2.4 0
1632 3.186666666666667 2.533333333333334 0
1633 3.006666666666666 2.600000000000001 0
1634 3.035555555555555 2.533333333333334 0
1635 3.133333333333333 2.666666666666667 0
1636 2.948888888888888 2.733333333333334 0
1637 2.977777777777777 2.666666666666667 0
1638 3.08 2.8 0
1639 2.891111111111111 2.866666666666667 0
1640 2.92 2.8 0
1641 3.026666666666666 2.933333333333334 0
1642 2.862222222222222 2.933333333333334 0
1643 3.977777777777778 1.066666666666667 0
1644 3.851111111111111 1.133333333333333 0
1645 3.875555555555556 1.066666666666667 0
1646 3.933333333333333 1.2 0
1647 3.802222222222222 1.266666666666667 0
1648 3.826666666666666 1.2 0
1649 3.888888888888888 1.333333333333334 0
1650 3.753333333333333 1.4 0
1651 3.777777777777777 1.333333333333334 0
1652 3.844444444444444 1.466666666666667 0
1653 3.704444444444444 1.533333333333334 0
1654 3.728888888888888 1.466666666666667 0
1655 3.799999999999999 1.600000000000001 0
1656 3.655555555555555 1.666666666666667 0
1657 3.679999999999999 1.600000000000001 0
1658 3.755555555555555 1.733333333333334 0
1659 3.606666666666666 1.800000000000001 0
1660 3.63111111111111 1.733333333333334 0
1661 3.71111111111111 1.866666666666667 0
1662 3.557777777777777 1.933333333333334 0
1663 3.582222222222222 1.866666666666667 0
1664 3.666666666666666 2 0
1665 3.508888888888889 2.066666666666667 0
1666 3.533333333333333 2.000000000000001 0
1667 3.622222222222222 2.133333333333334 0
1668 3.46 2.200000000000001 0
1669 3.484444444444444 2.133333333333334 0
1670 3.577777777777778 2.266666666666667 0
1671 3.411111111111111 2.333333333333334 0
1672 3.435555555555555 2.266666666666667 0
1673 3.533333333333333 2.4 0
1674 3.362222222222222 2.466666666666667 0
1675 3.386666666666666 2.4 0
1676 3.488888888888889 2.533333333333334 0
1677 3.313333333333333 2.600000000000001 0
1678 3.337777777777778 2.533333333333334 0
1679 3.444444444444444 2.666666666666667 0
1680 3.264444444444444 2.733333333333333 0
1681 3.288888888888889 2.666666666666667 0
1682 3.4 2.8 0
1683 3.215555555555556 2.866666666666667 0
1684 3.24 2.8 0
1685 3.355555555555556 2.933333333333334 0
1686 3.191111111111111 2.933333333333334 0
1687 4.182222222222222 1.066666666666667 0
1688 4.06 1.133333333333333 0
1689 4.08 1.066666666666667 0
1690 4.146666666666667 1.2 0
1691 4.02 1.266666666666667 0
1692 4.039999999999999 1.2 0
1693 4.111111111111111 1.333333333333334 0
1694 3.98 1.4 0
1695 4 1.333333333333334 0
1696 4.075555555555555 1.466666666666667 0
1697 3.94 1.533333333333334 0
1698 3.96 1.466666666666667 0
1699 4.039999999999999 1.6 0
1700 3.899999999999999 1.666666666666667 0
1701 3.919999999999999 1.6 0
1702 4.004444444444444 1.733333333333334 0
1703 3.859999999999999 1.800000000000001 0
1704 3.88 1.733333333333334 0
1705 3.968888888888888 1.866666666666667 0
1706 3.819999999999999 1.933333333333334 0
1707 3.839999999999999 1.866666666666667 0
1708 3.933333333333333 2 0
1709 3.779999999999999 2.066666666666667 0
1710 3.799999999999999 2 0
1711 3.897777777777777 2.133333333333334 0
1712 3.739999999999999 2.200000000000001 0
1713 3.759999999999999 2.133333333333334 0
1714 3.862222222222222 2.266666666666667 0
1715 3.7 2.333333333333334 0
1716 3.72 2.266666666666667 0
1717 3.826666666666667 2.4 0
1718 3.66 2.466666666666667 0
1719 3.68 2.4 0
1720 3.791111111111111 2.533333333333334 0
1721 3.62 2.600000000000001 0
1722 3.64 2.533333333333334 0
1723 3.755555555555556 2.666666666666667 0
1724 3.58 2.733333333333333 0
1725 3.6 2.666666666666667 0
1726 3.72 2.8 0
1727 3.54 2.866666666666667 0
1728 3.56 2.8 0
1729 3.684444444444444 2.933333333333334 0
1730 3.52 2.933333333333334 0
1731 4.386666666666667 1.066666666666667 0
1732 4.268888888888888 1.133333333333333 0
1733 4.284444444444444 1.066666666666667 0
1734 4.359999999999999 1.2 0
1735 4.237777777777778 1.266666666666667 0
1736 4.253333333333333 1.2 0
1737 4.333333333333333 1.333333333333334 0
1738 4.206666666666666 1.4 0
1739 4.222222222222221 1.333333333333334 0
1740 4.306666666666667 1.466666666666667 0
1741 4.175555555555555 1.533333333333334 0
1742 4.191111111111111 1.466666666666667 0
1743 4.279999999999999 1.6 0
1744 4.144444444444444 1.666666666666667 0
1745 4.16 1.6 0
1746 4.253333333333334 1.733333333333334 0
1747 4.113333333333333 1.8 0
1748 4.128888888888889 1.733333333333334 0
1749 4.226666666666667 1.866666666666667 0
1750 4.082222222222222 1.933333333333334 0
1751 4.097777777777777 1.866666666666667 0
1752 4.199999999999999 2 0
1753 4.05111111111111 2.066666666666667 0
1754 4.066666666666666 2 0
1755 4.173333333333333 2.133333333333334 0
1756 4.02 2.2 0
1757 4.035555555555555 2.133333333333334 0
1758 4.146666666666667 2.266666666666667 0
1759 3.988888888888889 2.333333333333333 0
1760 4.004444444444444 2.266666666666667 0
1761 4.12 2.4 0
1762 3.957777777777778 2.466666666666667 0
1763 3.973333333333334 2.4 0
1764 4.093333333333334 2.533333333333334 0
1765 3.926666666666667 2.600000000000001 0
1766 3.942222222222222 2.533333333333334 0
1767 4.066666666666666 2.666666666666667 0
1768 3.895555555555555 2.733333333333333 0
1769 3.911111111111111 2.666666666666667 0
1770 4.04 2.8 0
1771 3.864444444444445 2.866666666666667 0
1772 3.88 2.8 0
1773 4.013333333333334 2.933333333333334 0
1774 3.848888888888889 2.933333333333334 0
1775 4.591111111111111 1.066666666666667 0
1776 4.477777777777778 1.133333333333333 0
1777 4.488888888888889 1.066666666666667 0
1778 4.573333333333333 1.2 0
1779 4.455555555555556 1.266666666666667 0
1780 4.466666666666667 1.2 0
1781 4.555555555555555 1.333333333333333 0
1782 4.433333333333333 1.4 0
1783 4.444444444444444 1.333333333333333 0
1784 4.537777777777777 1.466666666666667 0
1785 4.411111111111111 1.533333333333333 0
1786 4.422222222222222 1.466666666666667 0
1787 4.52 1.6 0
1788 4.388888888888889 1.666666666666667 0
1789 4.4 1.6 0
1790 4.502222222222223 1.733333333333333 0
1791 4.366666666666667 1.8 0
1792 4.377777777777778 1.733333333333334 0
1793 4.484444444444445 1.866666666666667 0
1794 4.344444444444444 1.933333333333334 0
1795 4.355555555555556 1.866666666666667 0
1796 4.466666666666667 2 0
1797 4.322222222222221 2.066666666666667 0
1798 4.333333333333332 2 0
1799 4.448888888888888 2.133333333333334 0
1800 4.3 2.2 0
1801 4.311111111111111 2.133333333333334 0
1802 4.431111111111111 2.266666666666667 0
1803 4.277777777777778 2.333333333333333 0
1804 4.288888888888889 2.266666666666667 0
1805 4.413333333333334 2.4 0
1806 4.255555555555556 2.466666666666667 0
1807 4.266666666666667 2.4 0
1808 4.395555555555555 2.533333333333334 0
1809 4.233333333333333 2.600000000000001 0
1810 4.244444444444444 2.533333333333334 0
1811 4.377777777777777 2.666666666666667 0
1812 4.21111111111111 2.733333333333333 0
1813 4.222222222222221 2.666666666666667 0
1814 4.359999999999999 2.8 0
1815 4.188888888888889 2.866666666666667 0
1816 4.2 2.8 0
1817 4.342222222222222 2.933333333333334 0
1818 4.177777777777778 2.933333333333334 0
1819 4.795555555555556 1.066666666666666 0
1820 4.686666666666667 1.133333333333333 0
1821 4.693333333333333 1.066666666666667 0
1822 4.786666666666666 1.2 0
1823 4.673333333333333 1.266666666666667 0
1824 4.68 1.2 0
1825 4.777777777777777 1.333333333333333 0
1826 4.659999999999999 1.4 0
1827 4.666666666666666 1.333333333333333 0
1828 4.768888888888888 1.466666666666667 0
1829 4.646666666666667 1.533333333333333 0
1830 4.653333333333332 1.466666666666667 0
1831 4.76 1.6 0
1832 4.633333333333333 1.666666666666667 0
1833 4.639999999999999 1.6 0
1834 4.751111111111111 1.733333333333333 0
1835 4.62 1.8 0
1836 4.626666666666667 1.733333333333333 0
1837 4.742222222222222 1.866666666666667 0
1838 4.606666666666666 1.933333333333334 0
1839 4.613333333333333 1.866666666666667 0
1840 4.733333333333333 2 0
1841 4.593333333333333 2.066666666666667 0
1842 4.6 2 0
1843 4.724444444444444 2.133333333333333 0
1844 4.58 2.2 0
1845 4.586666666666666 2.133333333333333 0
1846 4.715555555555556 2.266666666666667 0
1847 4.566666666666666 2.333333333333333 0
1848 4.573333333333332 2.266666666666667 0
1849 4.706666666666666 2.4 0
1850 4.553333333333333 2.466666666666667 0
1851 4.56 2.4 0
1852 4.697777777777778 2.533333333333334 0
1853 4.539999999999999 2.6 0
1854 4.546666666666667 2.533333333333334 0
1855 4.688888888888888 2.666666666666667 0
1856 4.526666666666666 2.733333333333333 0
1857 4.533333333333333 2.666666666666667 0
1858 4.68 2.8 0
1859 4.513333333333334 2.866666666666667 0
1860 4.52 2.8 0
1861 4.671111111111111 2.933333333333334 0
1862 4.506666666666666 2.933333333333334 0
1863 4.895555555555555 1.133333333333333 0
1864 4.897777777777778 1.066666666666666 0
1865 4.891111111111111 1.266666666666667 0
1866 4.893333333333333 1.2 0
1867 4.886666666666667 1.4 0
1868 4.888888888888888 1.333333333333333 0
1869 4.882222222222222 1.533333333333333 0
1870 4.884444444444444 1.466666666666667 0
1871 4.877777777777777 1.666666666666667 0
1872 4.879999999999999 1.6 0
1873 4.873333333333333 1.8 0
1874 4.875555555555556 1.733333333333333 0
1875 4.868888888888889 1.933333333333333 0
1876 4.871111111111111 1.866666666666667 0
1877 4.864444444444445 2.066666666666667 0
1878 4.866666666666666 2 0
1879 4.859999999999999 2.2 0
1880 4.862222222222222 2.133333333333333 0
1881 4.855555555555555 2.333333333333333 0
1882 4.857777777777777 2.266666666666667 0
1883 4.851111111111111 2.466666666666667 0
1884 4.853333333333333 2.4 0
1885 4.846666666666667 2.6 0
1886 4.848888888888888 2.533333333333333 0
1887 4.842222222222222 2.733333333333333 0
1888 4.844444444444444 2.666666666666667 0
1889 4.837777777777777 2.866666666666667 0
1890 4.84 2.8 0
1891 4.835555555555556 2.933333333333334 0
$EndNodes
$Elements
540
1 8 2 8 1 1 7 21
2 8 2 8 1 7 8 22
3 8 2 8 1 8 9 23
4 8 2 8 1 9 10 24
5 8 2 8 1 10 11 25
6 8 2 8 1 11 12 26
7 8 2 8 1 12 13 27
8 8 2 8 1 13 14 28
9 8 2 8 1 14 15 29
10 8 2 8 1 15 16 30
11 8 2 8 1 16 17 31
12 8 2 8 1 17 18 32
13 8 2 8 1 18 19 33
14 8 2 8 1 19 20 34
15 8 2 8 1 20 2 35
16 8 2 9 2 2 36 50
17 8 2 9 2 36 37 51
18 8 2 9 2 37 38 52
19 8 2 9 2 38 39 53
20 8 2 9 2 39 40 54
21 8 2 9 2 40 41 55
22 8 2 9 2 41 42 56
23 8 2 9 2 42 43 57
24 8 2 9 2 43 44 58
25 8 2 9 2 44 45 59
26 8 2 9 2 45 46 60
27 8 2 9 2 46 47 61
28 8 2 9 2 47 48 62
29 8 2 9 2 48 49 63
30 8 2 9 2 49 3 64
31 8 2 9 3 3 65 79
32 8 2 9 3 65 66 80
33 8 2 9 3 66 67 81
34 8 2 9 3 67 68 82
35 8 2 9 3 68 69 83
36 8 2 9 3 69 70 84
37 8 2 9 3 70 71 85
38 8 2 9 3 71 72 86
39 8 2 9 3 72 73 87
40 8 2 9 3 73 74 88
41 8 2 9 3 74 75 89
42 8 2 9 3 75 76 90
43 8 2 9 3 76 77 91
44 8 2 9 3 77 78 92
45 8 2 9 3 78 4 93
46 8 2 8 4 4 94 108
47 8 2 8 4 94 95 109
48 8 2 8 4 95 96 110
49 8 2 8 4 96 97 111
50 8 2 8 4 97 98 112
51 8 2 8 4 98 99 113
52 8 2 8 4 99 100 114
53 8 2 8 4 100 101 115
54 8 2 8 4 101 102 116
55 8 2 8 4 102 103 117
56 8 2 8 4 103 104 118
57 8 2 8 4 104 105 119
58 8 2 8 4 105 106 120
59 8 2 8 4 106 107 121
60 8 2 8 4 107 5 122
61 8 2 10 5 5 123 137
62 8 2 10 5 123 124 138
63 8 2 10 5 124 125 139
64 8 2 10 5 125 126 140
65 8 2 10 5 126 127 141
66 8 2 10 5 127 128 142
67 8 2 10 5 128 129 143
68 8 2 10 5 129 130 144
69 8 2 10 5 130 131 145
70 8 2 10 5 131 132 146
71 8 2 10 5 132 133 147
72 8 2 10 5 133 134 148
73 8 2 10 5 134 135 149
74 8 2 10 5 135 136 150
75 8 2 10 5 136 6 151
76 8 2 8 6 6 152 166
77 8 2 8 6 152 153 167
78 8 2 8 6 153 154 168
79 8 2 8 6 154 155 169
80 8 2 8 6 155 156 170
81 8 2 8 6 156 157 171
82 8 2 8 6 157 158 172
83 8 2 8 6 158 159 173
84 8 2 8 6 159 160 174
85 8 2 8 6 160 161 175
86 8 2 8 6 161 162 176
87 8 2 8 6 162 163 177
88 8 2 8 6 163 164 178
89 8 2 8 6 164 165 179
90 8 2 8 6 165 1 180
91 10 2 11 1 1 7 210 165 21 406 407 180 408
92 10 2 11 1 165 210 211 164 407 409 410 179 411
93 10 2 11 1 164 211 212 163 410 412 413 178 414
94 10 2 11 1 163 212 213 162 413 415 416 177 417
95 10 2 11 1 162 213 214 161 416 418 419 176 420
96 10 2 11 1 161 214 215 160 419 421 422 175 423
97 10 2 11 1 160 215 216 159 422 424 425 174 426
98 10 2 11 1 159 216 217 158 425 427 428 173 429
99 10 2 11 1 158 217 218 157 428 430 431 172 432
100 10 2 11 1 157 218 219 156 431 433 434 171 435
101 10 2 11 1 156 219 220 155 434 436 437 170 438
102 10 2 11 1 155 220 221 154 437 439 440 169 441
103 10 2 11 1 154 221 222 153 440 442 443 168 444
104 10 2 11 1 153 222 223 152 443 445 446 167 447
105 10 2 11 1 152 223 194 6 446 448 209 166 449
106 10 2 11 1 7 8 224 210 22 450 451 406 452
107 10 2 11 1 210 224 225 211 451 453 454 409 455
108 10 2 11 1 211 225 226 212 454 456 457 412 458
109 10 2 11 1 212 226 227 213 457 459 460 415 461
110 10 2 11 1 213 227 228 214 460 462 463 418 464
111 10 2 11 1 214 228 229 215 463 465 466 421 467
112 10 2 11 1 215 229 230 216 466 468 469 424 470
113 10 2 11 1 216 230 231 217 469 471 472 427 473
114 10 2 11 1 217 231 232 218 472 474 475 430 476
115 10 2 11 1 218 232 233 219 475 477 478 433 479
116 10 2 11 1 219 233 234 220 478 480 481 436 482
117 10 2 11 1 220 234 235 221 481 483 484 439 485
118 10 2 11 1 221 235 236 222 484 486 487 442 488
119 10 2 11 1 222 236 237 223 487 489 490 445 491
120 10 2 11 1 223 237 193 194 490 492 208 448 493
121 10 2 11 1 8 9 238 224 23 494 495 450 496
122 10 2 11 1 224 238 239 225 495 497 498 453 499
123 10 2 11 1 225 239 240 226 498 500 501 456 502
124 10 2 11 1 226 240 241 227 501 503 504 459 505
125 10 2 11 1 227 241 242 228 504 506 507 462 508
126 10 2 11 1 228 242 243 229 507 509 510 465 511
127 10 2 11 1 229 243 244 230 510 512 513 468 514
128 10 2 11 1 230 244 245 231 513 515 516 471 517
129 10 2 11 1 231 245 246 232 516 518 519 474 520
130 10 2 11 1 232 246 247 233 519 521 522 477 523
131 10 2 11 1 233 247 248 234 522 524 525 480 526
132 10 2 11 1 234 248 249 235 525 527 528 483 529
133 10 2 11 1 235 249 250 236 528 530 531 486 532
134 10 2 11 1 236 250 251 237 531 533 534 489 535
135 10 2 11 1 237 251 192 193 534 536 207 492 537
136 10 2 11 1 9 10 252 238 24 538 539 494 540
137 10 2 11 1 238 252 253 239 539 541 542 497 543
138 10 2 11 1 239 253 254 240 542 544 545 500 546
139 10 2 11 1 240 254 255 241 545 547 548 503 549
140 10 2 11 1 241 255 256 242 548 550 551 506 552
141 10 2 11 1 242 256 257 243 551 553 554 509 555
142 10 2 11 1 243 257 258 244 554 556 557 512 558
143 10 2 11 1 244 258 259 245 557 559 560 515 561
144 10 2 11 1 245 259 260 246 560 562 563 518 564
145 10 2 11 1 246 260 261 247 563 565 566 521 567
146 10 2 11 1 247 261 262 248 566 568 569 524 570
147 10 2 11 1 248 262 263 249 569 571 572 527 573
148 10 2 11 1 249 263 264 250 572 574 575 530 576
149 10 2 11 1 250 264 265 251 575 577 578 533 579
150 10 2 11 1 251 265 191 192 578 580 206 536 581
151 10 2 11 1 10 11 266 252 25 582 583 538 584
152 10 2 11 1 252 266 267 253 583 585 586 541 587
153 10 2 11 1 253 267 268 254 586 588 589 544 590
154 10 2 11 1 254 268 269 255 589 591 592 547 593
155 10 2 11 1 255 269 270 256 592 594 595 550 596
156 10 2 11 1 256 270 271 257 595 597 598 553 599
157 10 2 11 1 257 271 272 258 598 600 601 556 602
158 10 2 11 1 258 272 273 259 601 603 604 559 605
159 10 2 11 1 259 273 274 260 604 606 607 562 608
160 10 2 11 1 260 274 275 261 607 609 610 565 611
161 10 2 11 1 261 275 276 262 610 612 613 568 614
162 10 2 11 1 262 276 277 263 613 615 616 571 617
163 10 2 11 1 263 277 278 264 616 618 619 574 620
164 10 2 11 1 264 278 279 265 619 621 622 577 623
165 10 2 11 1 265 279 190 191 622 624 205 580 625
166 10 2 11 1 11 12 280 266 26 626 627 582 628
167 10 2 11 1 266 280 281 267 627 629 630 585 631
168 10 2 11 1 267 281 282 268 630 632 633 588 634
169 10 2 11 1 268 282 283 269 633 635 636 591 637
170 10 2 11 1 269 283 284 270 636 638 639 594 640
171 10 2 11 1 270 284 285 271 639 641 642 597 643
172 10 2 11 1 271 285 286 272 642 644 645 600 646
173 10 2 11 1 272 286 287 273 645 647 648 603 649
174 10 2 11 1 273 287 288 274 648 650 651 606 652
175 10 2 11 1 274 288 289 275 651 653 654 609 655
176 10 2 11 1 275 289 290 276 654 656 657 612 658
177 10 2 11 1 276 290 291 277 657 659 660 615 661
178 10 2 11 1 277 291 292 278 660 662 663 618 664
179 10 2 11 1 278 292 293 279 663 665 666 621 667
180 10 2 11 1 279 293 189 190 666 668 204 624 669
181 10 2 11 1 12 13 294 280 27 670 671 626 672
182 10 2 11 1 280 294 295 281 671 673 674 629 675
183 10 2 11 1 281 295 296 282 674 676 677 632 678
184 10 2 11 1 282 296 297 283 677 679 680 635 681
185 10 2 11 1 283 297 298 284 680 682 683 638 684
186 10 2 11 1 284 298 299 285 683 685 686 641 687
187 10 2 11 1 285 299 300 286 686 688 689 644 690
188 10 2 11 1 286 300 301 287 689 691 692 647 693
189 10 2 11 1 287 301 302 288 692 694 695 650 696
190 10 2 11 1 288 302 303 289 695 697 698 653 699
191 10 2 11 1 289 303 304 290 698 700 701 656 702
192 10 2 11 1 290 304 305 291 701 703 704 659 705
193 10 2 11 1 291 305 306 292 704 706 707 662 708
194 10 2 11 1 292 306 307 293 707 709 710 665 711
195 10 2 11 1 293 307 188 189 710 712 203 668 713
196 10 2 11 1 13 14 308 294 28 714 715 670 716
197 10 2 11 1 294 308 309 295 715 717 718 673 719
198 10 2 11 1 295 309 310 296 718 720 721 676 722
199 10 2 11 1 296 310 311 297 721 723 724 679 725
200 10 2 11 1 297 311 312 298 724 726 727 682 728
201 10 2 11 1 298 312 313 299 727 729 730 685 731
202 10 2 11 1 299 313 314 300 730 732 733 688 734
203 10 2 11 1 300 314 315 301 733 735 736 691 737
204 10 2 11 1 301 315 316 302 736 738 739 694 740
205 10 2 11 1 302 316 317 303 739 741 742 697 743
206 10 2 11 1 303 317 318 304 742 744 745 700 746
207 10 2 11 1 304 318 319 305 745 747 748 703 749
208 10 2 11 1 305 319 320 306 748 750 751 706 752
209 10 2 11 1 306 320 321 307 751 753 754 709 755
210 10 2 11 1 307 321 187 188 754 756 202 712 757
211 10 2 11 1 14 15 322 308 29 758 759 714 760
212 10 2 11 1 308 322 323 309 759 761 762 717 763
213 10 2 11 1 309 323 324 310 762 764 765 720 766
214 10 2 11 1 310 324 325 311 765 767 768 723 769
215 10 2 11 1 311 325 326 312 768 770 771 726 772
216 10 2 11 1 312 326 327 313 771 773 774 729 775
217 10 2 11 1 313 327 328 314 774 776 777 732 778
218 10 2 11 1 314 328 329 315 777 779 780 735 781
219 10 2 11 1 315 329 330 316 780 782 783 738 784
220 10 2 11 1 316 330 331 317 783 785 786 741 787
221 10 2 11 1 317 331 332 318 786 788 789 744 790
222 10 2 11 1 318 332 333 319 789 791 792 747 793
223 10 2 11 1 319 333 334 320 792 794 795 750 796
224 10 2 11 1 320 334 335 321 795 797 798 753 799
225 10 2 11 1 321 335 186 187 798 800 201 756 801
226 10 2 11 1 15 16 336 322 30 802 803 758 804
227 10 2 11 1 322 336 337 323 803 805 806 761 807
228 10 2 11 1 323 337 338 324 806 808 809 764 810
229 10 2 11 1 324 338 339 325 809 811 812 767 813
230 10 2 11 1 325 339 340 326 812 814 815 770 816
231 10 2 11 1 326 340 341 327 815 817 818 773 819
232 10 2 11 1 327 341 342 328 818 820 821 776 822
233 10 2 11 1 328 342 343 329 821 823 824 779 825
234 10 2 11 1 329 343 344 330 824 826 827 782 828
235 10 2 11 1 330 344 345 331 827 829 830 785 831
236 10 2 11 1 331 345 346 332 830 832 833 788 834
237 10 2 11 1 332 346 347 333 833 835 836 791 837
238 10 2 11 1 333 347 348 334 836 838 839 794 840
239 10 2 11 1 334 348 349 335 839 841 842 797 843
240 10 2 11 1 335 349 185 186 842 844 200 800 845
241 10 2 11 1 16 17 350 336 31 846 847 802 848
242 10 2 11 1 336 350 351 337 847 849 850 805 851
243 10 2 11 1 337 351 352 338 850 852 853 808 854
244 10 2 11 1 338 352 353 339 853 855 856 811 857
245 10 2 11 1 339 353 354 340 856 858 859 814 860
246 10 2 11 1 340 354 355 341 859 861 862 817 863
247 10 2 11 1 341 355 356 342 862 864 865 820 866
248 10 2 11 1 342 356 357 343 865 867 868 823 869
249 10 2 11 1 343 357 358 344 868 870 871 826 872
250 10 2 11 1 344 358 359 345 871 873 874 829 875
251 10 2 11 1 345 359 360 346 874 876 877 832 878
252 10 2 11 1 346 360 361 347 877 879 880 835 881
253 10 2 11 1 347 361 362 348 880 882 883 838 884
254 10 2 11 1 348 362 363 349 883 885 886 841 887
255 10 2 11 1 349 363 184 185 886 888 199 844 889
256 10 2 11 1 17 18 364 350 32 890 891 846 892
257 10 2 11 1 350 364 365 351 891 893 894 849 895
258 10 2 11 1 351 365 366 352 894 896 897 852 898
259 10 2 11 1 352 366 367 353 897 899 900 855 901
260 10 2 11 1 353 367 368 354 900 902 903 858 904
261 10 2 11 1 354 368 369 355 903 905 906 861 907
262 10 2 11 1 355 369 370 356 906 908 909 864 910
263 10 2 11 1 356 370 371 357 909 911 912 867 913
264 10 2 11 1 357 371 372 358 912 914 915 870 916
265 10 2 11 1 358 372 373 359 915 917 918 873 919
266 10 2 11 1 359 373 374 360 918 920 921 876 922
267 10 2 11 1 360 374 375 361 921 923 924 879 925
268 10 2 11 1 361 375 376 362 924 926 927 882 928
269 10 2 11 1 362 376 377 363 927 929 930 885 931
270 10 2 11 1 363 377 183 184 930 932 198 888 933
271 10 2 11 1 18 19 378 364 33 934 935 890 936
272 10 2 11 1 364 378 379 365 935 937 938 893 939
273 10 2 11 1 365 379 380 366 938 940 941 896 942
274 10 2 11 1 366 380 381 367 941 943 944 899 945
275 10 2 11 1 367 381 382 368 944 946 947 902 948
276 10 2 11 1 368 382 383 369 947 949 950 905 951
277 10 2 11 1 369 383 384 370 950 952 953 908 954
278 10 2 11 1 370 384 385 371 953 955 956 911 957
279 10 2 11 1 371 385 386 372 956 958 959 914 960
280 10 2 11 1 372 386 387 373 959 961 962 917 963
281 10 2 11 1 373 387 388 374 962 964 965 920 966
282 10 2 11 1 374 388 389 375 965 967 968 923 969
283 10 2 11 1 375 389 390 376 968 970 971 926 972
284 10 2 11 1 376 390 391 377 971 973 974 929 975
285 10 2 11 1 377 391 182 183 974 976 197 932 977
286 10 2 11 1 19 20 392 378 34 978 979 934 980
287 10 2 11 1 378 392 393 379 979 981 982 937 983
288 10 2 11 1 379 393 394 380 982 984 985 940 986
289 10 2 11 1 380 394 395 381 985 987 988 943 989
290 10 2 11 1 381 395 396 382 988 990 991 946 992
291 10 2 11 1 382 396 397 383 991 993 994 949 995
292 10 2 11 1 383 397 398 384 994 996 997 952 998
293 10 2 11 1 384 398 399 385 997 999 1000 955 1001
294 10 2 11 1 385 399 400 386 1000 1002 1003 958 1004
295 10 2 11 1 386 400 401 387 1003 1005 1006 961 1007
296 10 2 11 1 387 401 402 388 1006 1008 1009 964 1010
297 10 2 11 1 388 402 403 389 1009 1011 1012 967 1013
298 10 2 11 1 389 403 404 390 1012 1014 1015 970 1016
299 10 2 11 1 390 404 405 391 1015 1017 1018 973 1019
300 10 2 11 1 391 405 181 182 1018 1020 196 976 1021
301 10 2 11 1 20 2 36 392 35 50 1022 978 1023
302 10 2 11 1 392 36 37 393 1022 51 1024 981 1025
303 10 2 11 1 393 37 38 394 1024 52 1026 984 1027
304 10 2 11 1 394 38 39 395 1026 53 1028 987 1029
305 10 2 11 1 395 39 40 396 1028 54 1030 990 1031
306 10 2 11 1 396 40 41 397 1030 55 1032 993 1033
307 10 2 11 1 397 41 42 398 1032 56 1034 996 1035
308 10 2 11 1 398 42 43 399 1034 57 1036 999 1037
309 10 2 11 1 399 43 44 400 1036 58 1038 1002 1039
310 10 2 11 1 400 44 45 401 1038 59 1040 1005 1041
311 10 2 11 1 401 45 46 402 1040 60 1042 1008 1043
312 10 2 11 1 402 46 47 403 1042 61 1044 1011 1045
313 10 2 11 1 403 47 48 404 1044 62 1046 1014 1047
314 10 2 11 1 404 48 49 405 1046 63 1048 1017 1049
315 10 2 11 1 405 49 3 181 1048 64 195 1020 1050
316 10 2 11 2 3 65 1051 181 79 1247 1248 195 1249
317 10 2 11 2 181 1051 1052 182 1248 1250 1251 196 1252
318 10 2 11 2 182 1052 1053 183 1251 1253 1254 197 1255
319 10 2 11 2 183 1053 1054 184 1254 1256 1257 198 1258
320 10 2 11 2 184 1054 1055 185 1257 1259 1260 199 1261
321 10 2 11 2 185 1055 1056 186 1260 1262 1263 200 1264
322 10 2 11 2 186 1056 1057 187 1263 1265 1266 201 1267
323 10 2 11 2 187 1057 1058 188 1266 1268 1269 202 1270
324 10 2 11 2 188 1058 1059 189 1269 1271 1272 203 1273
325 10 2 11 2 189 1059 1060 190 1272 1274 1275 204 1276
326 10 2 11 2 190 1060 1061 191 1275 1277 1278 205 1279
327 10 2 11 2 191 1061 1062 192 1278 1280 1281 206 1282
328 10 2 11 2 192 1062 1063 193 1281 1283 1284 207 1285
329 10 2 11 2 193 1063 1064 194 1284 1286 1287 208 1288
330 10 2 11 2 194 1064 136 6 1287 1289 151 209 1290
331 10 2 11 2 65 66 1065 1051 80 1291 1292 1247 1293
332 10 2 11 2 1051 1065 1066 1052 1292 1294 1295 1250 1296
333 10 2 11 2 1052 1066 1067 1053 1295 1297 1298 1253 1299
334 10 2 11 2 1053 1067 1068 1054 1298 1300 1301 1256 1302
335 10 2 11 2 1054 1068 1069 1055 1301 1303 1304 1259 1305
336 10 2 11 2 1055 1069 1070 1056 1304 1306 1307 1262 1308
337 10 2 11 2 1056 1070 1071 1057 1307 1309 1310 1265 1311
338 10 2 11 2 1057 1071 1072 1058 1310 1312 1313 1268 1314
339 10 2 11 2 1058 1072 1073 1059 1313 1315 1316 1271 1317
340 10 2 11 2 1059 1073 1074 1060 1316 1318 1319 1274 1320
341 10 2 11 2 1060 1074 1075 1061 1319 1321 1322 1277 1323
342 10 2 11 2 1061 1075 1076 1062 1322 1324 1325 1280 1326
343 10 2 11 2 1062 1076 1077 1063 1325 1327 1328 1283 1329
344 10 2 11 2 1063 1077 1078 1064 1328 1330 1331 1286 1332
345 10 2 11 2 1064 1078 135 136 1331 1333 150 1289 1334
346 10 2 11 2 66 67 1079 1065 81 1335 1336 1291 1337
347 10 2 11 2 1065 1079 1080 1066 1336 1338 1339 1294 1340
348 10 2 11 2 1066 1080 1081 1067 1339 1341 1342 1297 1343
349 10 2 11 2 1067 1081 1082 1068 1342 1344 1345 1300 1346
350 10 2 11 2 1068 1082 1083 1069 1345 1347 1348 1303 1349
351 10 2 11 2 1069 1083 1084 1070 1348 1350 1351 1306 1352
352 10 2 11 2 1070 1084 1085 1071 1351 1353 1354 1309 1355
353 10 2 11 2 1071 1085 1086 1072 1354 1356 1357 1312 1358
354 10 2 11 2 1072 1086 1087 1073 1357 1359 1360 1315 1361
355 10 2 11 2 1073 1087 1088 1074 1360 1362 1363 1318 1364
356 10 2 11 2 1074 1088 1089 1075 1363 1365 1366 1321 1367
357 10 2 11 2 1075 1089 1090 1076 1366 1368 1369 1324 1370
358 10 2 11 2 1076 1090 1091 1077 1369 1371 1372 1327 1373
359 10 2 11 2 1077 1091 1092 1078 1372 1374 1375 1330 1376
360 10 2 11 2 1078 1092 134 135 1375 1377 149 1333 1378
361 10 2 11 2 67 68 1093 1079 82 1379 1380 1335 1381
362 10 2 11 2 1079 1093 1094 1080 1380 1382 1383 1338 1384
363 10 2 11 2 1080 1094 1095 1081 1383 1385 1386 1341 1387
364 10 2 11 2 1081 1095 1096 1082 1386 1388 1389 1344 1390
365 10 2 11 2 1082 1096 1097 1083 1389 1391 1392 1347 1393
366 10 2 11 2 1083 1097 1098 1084 1392 1394 1395 1350 1396
367 10 2 11 2 1084 1098 1099 1085 1395 1397 1398 1353 1399
368 10 2 11 2 1085 1099 1100 1086 1398 1400 1401 1356 1402
369 10 2 11 2 1086 1100 1101 1087 1401 1403 1404 1359 1405
370 10 2 11 2 1087 1101 1102 1088 1404 1406 1407 1362 1408
371 10 2 11 2 1088 1102 1103 1089 1407 1409 1410 1365 1411
372 10 2 11 2 1089 1103 1104 1090 1410 1412 1413 1368 1414
373 10 2 11 2 1090 1104 1105 1091 1413 1415 1416 1371 1417
374 10 2 11 2 1091 1105 1106 1092 1416 1418 1419 1374 1420
375 10 2 11 2 1092 1106 133 134 1419 1421 148 1377 1422
376 10 2 11 2 68 69 1107 1093 83 1423 1424 1379 1425
377 10 2 11 2 1093 1107 1108 1094 1424 1426 1427 1382 1428
378 10 2 11 2 1094 1108 1109 1095 1427 1429 1430 1385 1431
379 10 2 11 2 1095 1109 1110 1096 1430 1432 1433 1388 1434
380 10 2 11 2 1096 1110 1111 1097 1433 1435 1436 1391 1437
381 10 2 11 2 1097 1111 1112 1098 1436 1438 1439 1394 1440
382 10 2 11 2 1098 1112 1113 1099 1439 1441 1442 1397 1443
383 10 2 11 2 1099 1113 1114 1100 1442 1444 1445 1400 1446
384 10 2 11 2 1100 1114 1115 1101 1445 1447 1448 1403 1449
385 10 2 11 2 1101 1115 1116 1102 1448 1450 1451 1406 1452
386 10 2 11 2 1102 1116 1117 1103 1451 1453 1454 1409 1455
387 10 2 11 2 1103 1117 1118 1104 1454 1456 1457 1412 1458
388 10 2 11 2 1104 1118 1119 1105 1457 1459 1460 1415 1461
389 10 2 11 2 1105 1119 1120 1106 1460 1462 1463 1418 1464
390 10 2 11 2 1106 1120 132 133 1463 1465 147 1421 1466
391 10 2 11 2 69 70 1121 1107 84 1467 1468 1423 1469
392 10 2 11 2 1107 1121 1122 1108 1468 1470 1471 1426 1472
393 10 2 11 2 1108 1122 1123 1109 1471 1473 1474 1429 1475
394 10 2 11 2 1109 1123 1124 1110 1474 1476 1477 1432 1478
395 10 2 11 2 1110 1124 1125 1111 1477 1479 1480 1435 1481
396 10 2 11 2 1111 1125 1126 1112 1480 1482 1483 1438 1484
397 10 2 11 2 1112 1126 1127 1113 1483 1485 1486 1441 1487
398 10 2 11 2 1113 1127 1128 1114 1486 1488 1489 1444 1490
399 10 2 11 2 1114 1128 1129 1115 1489 1491 1492 1447 1493
400 10 2 11 2 1115 1129 1130 1116 1492 1494 1495 1450 1496
401 10 2 11 2 1116 1130 1131 1117 1495 1497 1498 1453 1499
402 10 2 11 2 1117 1131 1132 1118 1498 1500 1501 1456 1502
403 10 2 11 2 1118 1132 1133 1119 1501 1503 1504 1459 1505
404 10 2 11 2 1119 1133 1134 1120 1504 1506 1507 1462 1508
405 10 2 11 2 1120 1134 131 132 1507 1509 146 1465 1510
406 10 2 11 2 70 71 1135 1121 85 1511 1512 1467 1513
407 10 2 11 2 1121 1135 1136 1122 1512 1514 1515 1470 1516
408 10 2 11 2 1122 1136 1137 1123 1515 1517 1518 1473 1519
409 10 2 11 2 1123 1137 1138 1124 1518 1520 1521 1476 1522
410 10 2 11 2 1124 1138 1139 1125 1521 1523 1524 1479 1525
411 10 2 11 2 1125 1139 1140 1126 1524 1526 1527 1482 1528
412 10 2 11 2 1126 1140 1141 1127 1527 1529 1530 1485 1531
413 10 2 11 2 1127 1141 1142 1128 1530 1532 1533 1488 1534
414 10 2 11 2 1128 1142 1143 1129 1533 1535 1536 1491 1537
415 10 2 11 2 1129 1143 1144 1130 1536 1538 1539 1494 1540
416 10 2 11 2 1130 1144 1145 1131 1539 1541 1542 1497 1543
417 10 2 11 2 1131 1145 1146 1132 1542 1544 1545 1500 1546
418 10 2 11 2 1132 1146 1147 1133 1545 1547 1548 1503 1549
419 10 2 11 2 1133 1147 1148 1134 1548 1550 1551 1506 1552
420 10 2 11 2 1134 1148 130 131 1551 1553 145 1509 1554
421 10 2 11 2 71 72 1149 1135 86 1555 1556 1511 1557
422 10 2 11 2 1135 1149 1150 1136 1556 1558 1559 1514 1560
423 10 2 11 2 1136 1150 1151 1137 1559 1561 1562 1517 1563
424 10 2 11 2 1137 1151 1152 1138 1562 1564 1565 1520 1566
425 10 2 11 2 1138 1152 1153 1139 1565 1567 1568 1523 1569
426 10 2 11 2 1139 1153 1154 1140 1568 1570 1571 1526 1572
427 10 2 11 2 1140 1154 1155 1141 1571 1573 1574 1529 1575
428 10 2 11 2 1141 1155 1156 1142 1574 1576 1577 1532 1578
429 10 2 11 2 1142 1156 1157 1143 1577 1579 1580 1535 1581
430 10 2 11 2 1143 1157 1158 1144 1580 1582 1583 1538 1584
431 10 2 11 2 1144 1158 1159 1145 1583 1585 1586 1541 1587
432 10 2 11 2 1145 1159 1160 1146 1586 1588 1589 1544 1590
433 10 2 11 2 1146 1160 1161 1147 1589 1591 1592 1547 1593
434 10 2 11 2 1147 1161 1162 1148 1592 1594 1595 1550 1596
435 10 2 11 2 1148 1162 129 130 1595 1597 144 1553 1598
436 10 2 11 2 72 73 1163 1149 87 1599 1600 1555 1601
437 10 2 11 2 1149 1163 1164 1150 1600 1602 1603 1558 1604
438 10 2 11 2 1150 1164 1165 1151 1603 1605 1606 1561 1607
439 10 2 11 2 1151 1165 1166 1152 1606 1608 1609 1564 1610
440 10 2 11 2 1152 1166 1167 1153 1609 1611 1612 1567 1613
441 10 2 11 2 1153 1167 1168 1154 1612 1614 1615 1570 1616
442 10 2 11 2 1154 1168 1169 1155 1615 1617 1618 1573 1619
443 10 2 11 2 1155 1169 1170 1156 1618 1620 1621 1576 1622
444 10 2 11 2 1156 1170 1171 1157 1621 1623 1624 1579 1625
445 10 2 11 2 1157 1171 1172 1158 1624 1626 1627 1582 1628
446 10 2 11 2 1158 1172 1173 1159 1627 1629 1630 1585 1631
447 10 2 11 2 1159 1173 1174 1160 1630 1632 1633 1588 1634
448 10 2 11 2 1160 1174 1175 1161 1633 1635 1636 1591 1637
449 10 2 11 2 1161 1175 1176 1162 1636 1638 1639 1594 1640
450 10 2 11 2 1162 1176 128 129 1639 1641 143 1597 1642
451 10 2 11 2 73 74 1177 1163 88 1643 1644 1599 1645
452 10 2 11 2 1163 1177 1178 1164 1644 1646 1647 1602 1648
453 10 2 11 2 1164 1178 1179 1165 1647 1649 1650 1605 1651
454 10 2 11 2 1165 1179 1180 1166 1650 1652 1653 1608 1654
455 10 2 11 2 1166 1180 1181 1167 1653 1655 1656 1611 1657
456 10 2 11 2 1167 1181 1182 1168 1656 1658 1659 1614 1660
457 10 2 11 2 1168 1182 1183 1169 1659 1661 1662 1617 1663
458 10 2 11 2 1169 1183 1184 1170 1662 1664 1665 1620 1666
459 10 2 11 2 1170 1184 1185 1171 1665 1667 1668 1623 1669
460 10 2 11 2 1171 1185 1186 1172 1668 1670 1671 1626 1672
461 10 2 11 2 1172 1186 1187 1173 1671 1673 1674 1629 1675
462 10 2 11 2 1173 1187 1188 1174 1674 1676 1677 1632 1678
463 10 2 11 2 1174 1188 1189 1175 1677 1679 1680 1635 1681
464 10 2 11 2 1175 1189 1190 1176 1680 1682 1683 1638 1684
465 10 2 11 2 1176 1190 127 128 1683 1685 142 1641 1686
466 10 2 11 2 74 75 1191 1177 89 1687 1688 1643 1689
467 10 2 11 2 1177 1191 1192 1178 1688 1690 1691 1646 1692
468 10 2 11 2 1178 1192 1193 1179 1691 1693 1694 1649 1695
469 10 2 11 2 1179 1193 1194 1180 1694 1696 1697 1652 1698
470 10 2 11 2 1180 1194 1195 1181 1697 1699 1700 1655 1701
471 10 2 11 2 1181 1195 1196 1182 1700 1702 1703 1658 1704
472 10 2 11 2 1182 1196 1197 1183 1703 1705 1706 1661 1707
473 10 2 11 2 1183 1197 1198 1184 1706 1708 1709 1664 1710
474 10 2 11 2 1184 1198 1199 1185 1709 1711 1712 1667 1713
475 10 2 11 2 1185 1199 1200 1186 1712 1714 1715 1670 1716
476 10 2 11 2 1186 1200 1201 1187 1715 1717 1718 1673 1719
477 10 2 11 2 1187 1201 1202 1188 1718 1720 1721 1676 1722
478 10 2 11 2 1188 1202 1203 1189 1721 1723 1724 1679 1725
479 10 2 11 2 1189 1203 1204 1190 1724 1726 1727 1682 1728
480 10 2 11 2 1190 1204 126 127 1727 1729 141 1685 1730
481 10 2 11 2 75 76 1205 1191 90 1731 1732 1687 1733
482 10 2 11 2 1191 1205 1206 1192 1732 1734 1735 1690 1736
483 10 2 11 2 1192 1206 1207 1193 1735 1737 1738 1693 1739
484 10 2 11 2 1193 1207 1208 1194 1738 1740 1741 1696 1742
485 10 2 11 2 1194 1208 1209 1195 1741 1743 1744 1699 1745
486 10 2 11 2 1195 1209 1210 1196 1744 1746 1747 1702 1748
487 10 2 11 2 1196 1210 1211 1197 1747 1749 1750 1705 1751
488 10 2 11 2 1197 1211 1212 1198 1750 1752 1753 1708 1754
489 10 2 11 2 1198 1212 1213 1199 1753 1755 1756 1711 1757
490 10 2 11 2 1199 1213 1214 1200 1756 1758 1759 1714 1760
491 10 2 11 2 1200 1214 1215 1201 1759 1761 1762 1717 1763
492 10 2 11 2 1201 1215 1216 1202 1762 1764 1765 1720 1766
493 10 2 11 2 1202 1216 1217 1203 1765 1767 1768 1723 1769
494 10 2 11 2 1203 1217 1218 1204 1768 1770 1771 1726 1772
495 10 2 11 2 1204 1218 125 126 1771 1773 140 1729 1774
496 10 2 11 2 76 77 1219 1205 91 1775 1776 1731 1777
497 10 2 11 2 1205 1219 1220 1206 1776 1778 1779 1734 1780
498 10 2 11 2 1206 1220 1221 1207 1779 1781 1782 1737 1783
499 10 2 11 2 1207 1221 1222 1208 1782 1784 1785 1740 1786
500 10 2 11 2 1208 1222 1223 1209 1785 1787 1788 1743 1789
501 10 2 11 2 1209 1223 1224 1210 1788 1790 1791 1746 1792
502 10 2 11 2 1210 1224 1225 1211 1791 1793 1794 1749 1795
503 10 2 11 2 1211 1225 1226 1212 1794 1796 1797 1752 1798
504 10 2 11 2 1212 1226 1227 1213 1797 1799 1800 1755 1801
505 10 2 11 2 1213 1227 1228 1214 1800 1802 1803 1758 1804
506 10 2 11 2 1214 1228 1229 1215 1803 1805 1806 1761 1807
507 10 2 11 2 1215 1229 1230 1216 1806 1808 1809 1764 1810
508 10 2 11 2 1216 1230 1231 1217 1809 1811 1812 1767 1813
509 10 2 11 2 1217 1231 1232 1218 1812 1814 1815 1770 1816
510 10 2 11 2 1218 1232 124 125 1815 1817 139 1773 1818
511 10 2 11 2 77 78 1233 1219 92 1819 1820 1775 1821
512 10 2 11 2 1219 1233 1234 1220 1820 1822 1823 1778 1824
513 10 2 11 2 1220 1234 1235 1221 1823 1825 1826 1781 1827
514 10 2 11 2 1221 1235 1236 1222 1826 1828 1829 1784 1830
515 10 2 11 2 1222 1236 1237 1223 1829 1831 1832 1787 1833
516 10 2 11 2 1223 1237 1238 1224 1832 1834 1835 1790 1836
517 10 2 11 2 1224 1238 1239 1225 1835 1837 1838 1793 1839
518 10 2 11 2 1225 1239 1240 1226 1838 1840 1841 1796 1842
519 10 2 11 2 1226 1240 1241 1227 1841 1843 1844 1799 1845
520 10 2 11 2 1227 1241 1242 1228 1844 1846 1847 1802 1848
521 10 2 11 2 1228 1242 1243 1229 1847 1849 1850 1805 1851
522 10 2 11 2 1229 1243 1244 1230 1850 1852 1853 1808 1854
523 10 2 11 2 1230 1244 1245 1231 1853 1855 1856 1811 1857
524 10 2 11 2 1231 1245 1246 1232 1856 1858 1859 1814 1860
525 10 2 11 2 1232 1246 123 124 1859 1861 138 1817 1862
526 10 2 11 2 78 4 94 1233 93 108 1863 1819 1864
527 10 2 11 2 1233 94 95 1234 1863 109 1865 1822 1866
528 10 2 11 2 1234 95 96 1235 1865 110 1867 1825 1868
529 10 2 11 2 1235 96 97 1236 1867 111 1869 1828 1870
530 10 2 11 2 1236 97 98 1237 1869 112 1871 1831 1872
531 10 2 11 2 1237 98 99 1238 1871 113 1873 1834 1874
532 10 2 11 2 1238 99 100 1239 1873 114 1875 1837 1876
533 10 2 11 2 1239 100 101 1240 1875 115 1877 1840 1878
534 10 2 11 2 1240 101 102 1241 1877 116 1879 1843 1880
535 10 2 11 2 1241 102 103 1242 1879 117 1881 1846 1882
536 10 2 11 2 1242 103 104 1243 1881 118 1883 1849 1884
537 10 2 11 2 1243 104 105 1244 1883 119 1885 1852 1886
538 10 2 11 2 1244 105 106 1245 1885 120 1887 1855 1888
539 10 2 11 2 1245 106 107 1246 1887 121 1889 1858 1890
540 10 2 11 2 1246 107 5 123 1889 122 137 1861 1891
$EndElements
