$MeshFormat
2.2 0 8
$EndMeshFormat
$PhysicalNames
5
1 5 "west"
1 6 "east"
1 7 "north"
1 8 "south"
2 9 "area"
$EndPhysicalNames
$Nodes
121
1 0 0 0
2 1 0 0
3 1 1 0
4 0 1 0
5 0.09999999999981414 0 0
6 0.1999999999995569 0 0
7 0.299999999999265 0 0
8 0.3999999999989731 0 0
9 0.4999999999986921 0 0
10 0.599999999998945 0 0
11 0.6999999999992088 0 0
12 0.7999999999994725 0 0
13 0.8999999999997362 0 0
14 1 0.09999999999981414 0
15 1 0.1999999999995569 0
16 1 0.299999999999265 0
17 1 0.3999999999989731 0
18 1 0.4999999999986921 0
19 1 0.599999999998945 0
20 1 0.6999999999992088 0
21 1 0.7999999999994725 0
22 1 0.8999999999997362 0
23 0.8999999999995836 1 0
24 0.8 1 0
25 0.7000000000006938 1 0
26 0.6000000000013874 1 0
27 0.5000000000020595 1 0
28 0.400000000001665 1 0
29 0.3000000000012487 1 0
30 0.2000000000008325 1 0
31 0.1000000000004162 1 0
32 0 0.8999999999995836 0
33 0 0.8 0
34 0 0.7000000000006938 0
35 0 0.6000000000013874 0
36 0 0.5000000000020595 0
37 0 0.400000000001665 0
38 0 0.3000000000012487 0
39 0 0.2000000000008325 0
40 0 0.1000000000004162 0
41 0.1000000000003521 0.8999999999999246 0
42 0.2000000000007012 0.8999999999999752 0
43 0.3000000000010368 0.8999999999999621 0
44 0.4000000000013051 0.8999999999999341 0
45 0.5000000000013411 0.8999999999999025 0
46 0.600000000001038 0.8999999999998702 0
47 0.7000000000005498 0.899999999999838 0
48 0.8000000000001146 0.8999999999998055 0
49 0.8999999999999255 0.899999999999772 0
50 0.1000000000002876 0.8000000000001458 0
51 0.2000000000005685 0.8000000000001473 0
52 0.3000000000008249 0.8000000000000862 0
53 0.400000000000995 0.8000000000000054 0
54 0.500000000000981 0.7999999999999189 0
55 0.6000000000007516 0.7999999999998312 0
56 0.7000000000004044 0.799999999999743 0
57 0.8000000000001046 0.7999999999996544 0
58 0.8999999999999793 0.7999999999995648 0
59 0.1000000000002229 0.7000000000005965 0
60 0.200000000000436 0.7000000000004762 0
61 0.3000000000006217 0.7000000000003334 0
62 0.4000000000007322 0.7000000000001796 0
63 0.5000000000007019 0.700000000000022 0
64 0.6000000000005179 0.6999999999998633 0
65 0.7000000000002573 0.699999999999704 0
66 0.8000000000000438 0.6999999999995434 0
67 0.8999999999999683 0.6999999999993795 0
68 0.1000000000001582 0.6000000000010739 0
69 0.2000000000003045 0.6000000000008117 0
70 0.3000000000004251 0.600000000000584 0
71 0.4000000000004871 0.6000000000003632 0
72 0.5000000000004478 0.6000000000001429 0
73 0.600000000000303 0.5999999999999224 0
74 0.7000000000001118 0.5999999999997015 0
75 0.7999999999999684 0.5999999999994771 0
76 0.8999999999999408 0.5999999999992309 0
77 0.1000000000000936 0.5000000000013411 0
78 0.2000000000001739 0.5000000000009901 0
79 0.3000000000002314 0.5000000000007186 0
80 0.400000000000248 0.5000000000004677 0
81 0.5000000000002017 0.5000000000002216 0
82 0.6000000000000943 0.4999999999999764 0
83 0.6999999999999676 0.4999999999997308 0
84 0.7999999999998894 0.4999999999994783 0
85 0.8999999999999093 0.499999999999185 0
86 0.1000000000000291 0.400000000001277 0
87 0.2000000000000437 0.4000000000009628 0
88 0.3000000000000388 0.400000000000707 0
89 0.400000000000011 0.4000000000004719 0
90 0.4999999999999583 0.4000000000002429 0
91 0.5999999999998877 0.4000000000000155 0
92 0.6999999999998243 0.3999999999997875 0
93 0.7999999999998099 0.3999999999995517 0
94 0.8999999999998769 0.3999999999992855 0
95 0.09999999999996471 0.3000000000010128 0
96 0.1999999999999137 0.3000000000007926 0
97 0.2999999999998466 0.3000000000005924 0
98 0.3999999999997746 0.3000000000004041 0
99 0.4999999999997156 0.3000000000002203 0
100 0.599999999999682 0.300000000000038 0
101 0.6999999999996812 0.299999999999855 0
102 0.7999999999997305 0.2999999999996676 0
103 0.8999999999998441 0.2999999999994709 0
104 0.09999999999990097 0.2000000000006905 0
105 0.1999999999997846 0.2000000000005519 0
106 0.2999999999996544 0.2000000000004193 0
107 0.3999999999995359 0.2000000000002914 0
108 0.4999999999994684 0.200000000000166 0
109 0.5999999999994721 0.2000000000000415 0
110 0.699999999999536 0.1999999999999166 0
111 0.7999999999996499 0.1999999999997907 0
112 0.8999999999998111 0.1999999999996666 0
113 0.09999999999984321 0.1000000000003484 0
114 0.1999999999996614 0.1000000000002811 0
115 0.2999999999994611 0.1000000000002154 0
116 0.3999999999992754 0.1000000000001513 0
117 0.4999999999991816 0.1000000000000882 0
118 0.5999999999992335 0.1000000000000256 0
119 0.6999999999993805 0.0999999999999629 0
120 0.7999999999995654 0.09999999999990063 0
121 0.899999999999776 0.09999999999984367 0
$EndNodes
$Elements
140
1 1 2 8 1 1 5
2 1 2 8 1 5 6
3 1 2 8 1 6 7
4 1 2 8 1 7 8
5 1 2 8 1 8 9
6 1 2 8 1 9 10
7 1 2 8 1 10 11
8 1 2 8 1 11 12
9 1 2 8 1 12 13
10 1 2 8 1 13 2
11 1 2 6 2 2 14
12 1 2 6 2 14 15
13 1 2 6 2 15 16
14 1 2 6 2 16 17
15 1 2 6 2 17 18
16 1 2 6 2 18 19
17 1 2 6 2 19 20
18 1 2 6 2 20 21
19 1 2 6 2 21 22
20 1 2 6 2 22 3
21 1 2 7 3 3 23
22 1 2 7 3 23 24
23 1 2 7 3 24 25
24 1 2 7 3 25 26
25 1 2 7 3 26 27
26 1 2 7 3 27 28
27 1 2 7 3 28 29
28 1 2 7 3 29 30
29 1 2 7 3 30 31
30 1 2 7 3 31 4
31 1 2 5 4 4 32
32 1 2 5 4 32 33
33 1 2 5 4 33 34
34 1 2 5 4 34 35
35 1 2 5 4 35 36
36 1 2 5 4 36 37
37 1 2 5 4 37 38
38 1 2 5 4 38 39
39 1 2 5 4 39 40
40 1 2 5 4 40 1
41 3 2 9 1 4 32 41 31
42 3 2 9 1 31 41 42 30
43 3 2 9 1 30 42 43 29
44 3 2 9 1 29 43 44 28
45 3 2 9 1 28 44 45 27
46 3 2 9 1 27 45 46 26
47 3 2 9 1 26 46 47 25
48 3 2 9 1 25 47 48 24
49 3 2 9 1 24 48 49 23
50 3 2 9 1 23 49 22 3
51 3 2 9 1 32 33 50 41
52 3 2 9 1 41 50 51 42
53 3 2 9 1 42 51 52 43
54 3 2 9 1 43 52 53 44
55 3 2 9 1 44 53 54 45
56 3 2 9 1 45 54 55 46
57 3 2 9 1 46 55 56 47
58 3 2 9 1 47 56 57 48
59 3 2 9 1 48 57 58 49
60 3 2 9 1 49 58 21 22
61 3 2 9 1 33 34 59 50
62 3 2 9 1 50 59 60 51
63 3 2 9 1 51 60 61 52
64 3 2 9 1 52 61 62 53
65 3 2 9 1 53 62 63 54
66 3 2 9 1 54 63 64 55
67 3 2 9 1 55 64 65 56
68 3 2 9 1 56 65 66 57
69 3 2 9 1 57 66 67 58
70 3 2 9 1 58 67 20 21
71 3 2 9 1 34 35 68 59
72 3 2 9 1 59 68 69 60
73 3 2 9 1 60 69 70 61
74 3 2 9 1 61 70 71 62
75 3 2 9 1 62 71 72 63
76 3 2 9 1 63 72 73 64
77 3 2 9 1 64 73 74 65
78 3 2 9 1 65 74 75 66
79 3 2 9 1 66 75 76 67
80 3 2 9 1 67 76 19 20
81 3 2 9 1 35 36 77 68
82 3 2 9 1 68 77 78 69
83 3 2 9 1 69 78 79 70
84 3 2 9 1 70 79 80 71
85 3 2 9 1 71 80 81 72
86 3 2 9 1 72 81 82 73
87 3 2 9 1 73 82 83 74
88 3 2 9 1 74 83 84 75
89 3 2 9 1 75 84 85 76
90 3 2 9 1 76 85 18 19
91 3 2 9 1 36 37 86 77
92 3 2 9 1 77 86 87 78
93 3 2 9 1 78 87 88 79
94 3 2 9 1 79 88 89 80
95 3 2 9 1 80 89 90 81
96 3 2 9 1 81 90 91 82
97 3 2 9 1 82 91 92 83
98 3 2 9 1 83 92 93 84
99 3 2 9 1 84 93 94 85
100 3 2 9 1 85 94 17 18
101 3 2 9 1 37 38 95 86
102 3 2 9 1 86 95 96 87
103 3 2 9 1 87 96 97 88
104 3 2 9 1 88 97 98 89
105 3 2 9 1 89 98 99 90
106 3 2 9 1 90 99 100 91
107 3 2 9 1 91 100 101 92
108 3 2 9 1 92 101 102 93
109 3 2 9 1 93 102 103 94
110 3 2 9 1 94 103 16 17
111 3 2 9 1 38 39 104 95
112 3 2 9 1 95 104 105 96
113 3 2 9 1 96 105 106 97
114 3 2 9 1 97 106 107 98
115 3 2 9 1 98 107 108 99
116 3 2 9 1 99 108 109 100
117 3 2 9 1 100 109 110 101
118 3 2 9 1 101 110 111 102
119 3 2 9 1 102 111 112 103
120 3 2 9 1 103 112 15 16
121 3 2 9 1 39 40 113 104
122 3 2 9 1 104 113 114 105
123 3 2 9 1 105 114 115 106
124 3 2 9 1 106 115 116 107
125 3 2 9 1 107 116 117 108
126 3 2 9 1 108 117 118 109
127 3 2 9 1 109 118 119 110
128 3 2 9 1 110 119 120 111
129 3 2 9 1 111 120 121 112
130 3 2 9 1 112 121 14 15
131 3 2 9 1 40 1 5 113
132 3 2 9 1 113 5 6 114
133 3 2 9 1 114 6 7 115
134 3 2 9 1 115 7 8 116
135 3 2 9 1 116 8 9 117
136 3 2 9 1 117 9 10 118
137 3 2 9 1 118 10 11 119
138 3 2 9 1 119 11 12 120
139 3 2 9 1 120 12 13 121
140 3 2 9 1 121 13 2 14
$EndElements
